2 0.10223765432098765 0.021604938271604937 0.17708333333333334 0.021604938271604937 0.17708333333333334 0.08950617283950617 0.10223765432098765 0.08950617283950617
2 0.23726851851851852 0.024691358024691357 0.3113425925925926 0.024691358024691357 0.3113425925925926 0.09156378600823045 0.23726851851851852 0.09156378600823045
2 0.3931327160493827 0.03806584362139918 0.4618055555555556 0.03806584362139918 0.4618055555555556 0.09670781893004116 0.3931327160493827 0.09670781893004116
2 0.5536265432098766 0.0360082304526749 0.6354166666666666 0.0360082304526749 0.6354166666666666 0.09567901234567901 0.5536265432098766 0.09567901234567901
2 0.7696759259259259 0.030864197530864196 0.8452932098765432 0.030864197530864196 0.8452932098765432 0.09876543209876543 0.7696759259259259 0.09876543209876543
3 0.9251543209876543 0.038580246913580245 0.9996141975308642 0.038580246913580245 0.9996141975308642 0.09619341563786009 0.9251543209876543 0.09619341563786009
2 0.07677469135802469 0.264917695473251 0.15393518518518517 0.2618312757201646 0.1550925925925926 0.32150205761316875 0.0779320987654321 0.3245884773662551
2 0.3861882716049383 0.257201646090535 0.46257716049382713 0.257201646090535 0.46257716049382713 0.31995884773662553 0.3861882716049383 0.31995884773662553
2 0.5690586419753086 0.26337448559670784 0.6377314814814815 0.26337448559670784 0.6377314814814815 0.32098765432098764 0.5690586419753086 0.32098765432098764
2 0.7033179012345679 0.26337448559670784 0.7727623456790124 0.26337448559670784 0.7727623456790124 0.31995884773662553 0.7033179012345679 0.31995884773662553
2 0.8630401234567902 0.26337448559670784 0.9463734567901234 0.26337448559670784 0.9463734567901234 0.31790123456790126 0.8630401234567902 0.31790123456790126
2 0.10300925925925926 0.5679012345679012 0.17631172839506173 0.5679012345679012 0.17631172839506173 0.6255144032921811 0.10300925925925926 0.6255144032921811
2 0.20949074074074073 0.5689300411522634 0.27584876543209874 0.5689300411522634 0.27584876543209874 0.6203703703703703 0.20949074074074073 0.6203703703703703
2 0.40316358024691357 0.5648148148148148 0.4826388888888889 0.5648148148148148 0.4826388888888889 0.6244855967078189 0.40316358024691357 0.6244855967078189
2 0.6192129629629629 0.5648148148148148 0.7048611111111112 0.5648148148148148 0.7048611111111112 0.6296296296296297 0.6192129629629629 0.6296296296296297
2 0.7966820987654321 0.5648148148148148 0.8692129629629629 0.5648148148148148 0.8692129629629629 0.6244855967078189 0.7966820987654321 0.6244855967078189
2 0.9239969135802469 0.5668724279835391 0.9888117283950617 0.5668724279835391 0.9888117283950617 0.6224279835390947 0.9239969135802469 0.6224279835390947
2 0.08140432098765432 0.8179012345679012 0.15162037037037038 0.8179012345679012 0.15162037037037038 0.8734567901234568 0.08140432098765432 0.8734567901234568
2 0.22106481481481483 0.8127572016460906 0.28896604938271603 0.8127572016460906 0.28896604938271603 0.8693415637860082 0.22106481481481483 0.8693415637860082
2 0.4224537037037037 0.8106995884773662 0.4957561728395062 0.8106995884773662 0.4957561728395062 0.8672839506172839 0.4224537037037037 0.8672839506172839
2 0.5706018518518519 0.8096707818930041 0.6439043209876543 0.8096707818930041 0.6439043209876543 0.8621399176954733 0.5706018518518519 0.8621399176954733
2 0.7820216049382716 0.8024691358024691 0.8653549382716049 0.8024691358024691 0.8653549382716049 0.852880658436214 0.7820216049382716 0.852880658436214
3 0.9544753086419753 0.8004115226337448 0.9996141975308642 0.8004115226337448 0.9996141975308642 0.8539094650205762 0.9544753086419753 0.8539094650205762
