2 0.0007716049382716049 0.12911522633744857 0.058256172839506175 0.12911522633744857 0.058256172839506175 0.169238683127572 0.0007716049382716049 0.169238683127572
0 0.1257716049382716 0.12294238683127572 0.1871141975308642 0.12294238683127572 0.1871141975308642 0.16049382716049382 0.1257716049382716 0.16049382716049382
0 0.27469135802469136 0.11419753086419752 0.3395061728395062 0.11419753086419752 0.3395061728395062 0.15174897119341563 0.27469135802469136 0.15174897119341563
0 0.4255401234567901 0.10751028806584362 0.48649691358024694 0.10751028806584362 0.48649691358024694 0.1440329218106996 0.4255401234567901 0.1440329218106996
0 0.5814043209876543 0.10390946502057613 0.6423611111111112 0.10390946502057613 0.6423611111111112 0.14146090534979425 0.5814043209876543 0.14146090534979425
0 0.7588734567901234 0.10133744855967078 0.8225308641975309 0.10133744855967078 0.8225308641975309 0.1383744855967078 0.7588734567901234 0.1383744855967078
0 0.8618827160493827 0.09516460905349794 0.9201388888888888 0.09516460905349794 0.9201388888888888 0.13786008230452676 0.8618827160493827 0.13786008230452676
1 0.9822530864197531 0.09259259259259259 1.0 0.09259259259259259 1.0 0.13117283950617284 0.9822530864197531 0.13117283950617284
3 0.0 0.25977366255144035 0.03356481481481482 0.25977366255144035 0.03356481481481482 0.31069958847736623 0.0 0.31069958847736623
2 0.11188271604938271 0.24948559670781892 0.1863425925925926 0.24948559670781892 0.1863425925925926 0.29835390946502055 0.11188271604938271 0.29835390946502055
2 0.27469135802469136 0.24845679012345678 0.3479938271604938 0.24845679012345678 0.3479938271604938 0.29218106995884774 0.27469135802469136 0.29218106995884774
2 0.3904320987654321 0.23713991769547324 0.4513888888888889 0.23713991769547324 0.4513888888888889 0.28858024691358025 0.3904320987654321 0.28858024691358025
2 0.4996141975308642 0.2381687242798354 0.5682870370370371 0.2381687242798354 0.5682870370370371 0.2844650205761317 0.4996141975308642 0.2844650205761317
2 0.6728395061728395 0.2294238683127572 0.7357253086419753 0.2294238683127572 0.7357253086419753 0.27469135802469136 0.6728395061728395 0.27469135802469136
2 0.0 0.5668724279835391 0.06365740740740741 0.5668724279835391 0.06365740740740741 0.6172839506172839 0.0 0.6172839506172839
2 0.15123456790123457 0.565843621399177 0.2199074074074074 0.565843621399177 0.2199074074074074 0.6172839506172839 0.15123456790123457 0.6172839506172839
2 0.2650462962962963 0.559156378600823 0.33487654320987653 0.559156378600823 0.33487654320987653 0.6121399176954733 0.2650462962962963 0.6121399176954733
2 0.38078703703703703 0.551954732510288 0.4494598765432099 0.551954732510288 0.4494598765432099 0.5972222222222222 0.38078703703703703 0.5972222222222222
2 0.49189814814814814 0.551954732510288 0.5578703703703703 0.551954732510288 0.5578703703703703 0.595679012345679 0.49189814814814814 0.595679012345679
2 0.6134259259259259 0.5493827160493827 0.6782407407407407 0.5493827160493827 0.6782407407407407 0.5920781893004116 0.6134259259259259 0.5920781893004116
2 0.7592592592592593 0.5416666666666666 0.8233024691358025 0.5416666666666666 0.8233024691358025 0.5859053497942387 0.7592592592592593 0.5859053497942387
3 0.0 0.7350823045267489 0.05555555555555555 0.7350823045267489 0.05555555555555555 0.7901234567901234 0.0 0.7901234567901234
2 0.1091820987654321 0.7361111111111112 0.1728395061728395 0.7361111111111112 0.1728395061728395 0.7875514403292181 0.1091820987654321 0.7875514403292181
2 0.20679012345679013 0.7330246913580247 0.2623456790123457 0.7330246913580247 0.2623456790123457 0.7829218106995884 0.20679012345679013 0.7829218106995884
2 0.31790123456790126 0.727366255144033 0.38580246913580246 0.727366255144033 0.38580246913580246 0.7813786008230452 0.31790123456790126 0.7813786008230452
2 0.42978395061728397 0.7196502057613169 0.4976851851851852 0.7196502057613169 0.4976851851851852 0.7746913580246914 0.42978395061728397 0.7746913580246914
2 0.5721450617283951 0.720164609053498 0.6284722222222222 0.720164609053498 0.6284722222222222 0.7690329218106996 0.5721450617283951 0.7690329218106996
2 0.06751543209876543 0.9531893004115226 0.12770061728395063 0.9531893004115226 0.12770061728395063 0.9933127572016461 0.06751543209876543 0.9933127572016461
2 0.18055555555555555 0.9418724279835391 0.23996913580246915 0.9418724279835391 0.23996913580246915 0.9886831275720165 0.18055555555555555 0.9886831275720165
2 0.279320987654321 0.940843621399177 0.3460648148148148 0.940843621399177 0.3460648148148148 0.9861111111111112 0.279320987654321 0.9861111111111112
2 0.4212962962962963 0.9356995884773662 0.4799382716049383 0.9356995884773662 0.4799382716049383 0.9819958847736625 0.4212962962962963 0.9819958847736625
2 0.5570987654320988 0.9331275720164609 0.6153549382716049 0.9331275720164609 0.6153549382716049 0.9861111111111112 0.5570987654320988 0.9861111111111112
2 0.6963734567901234 0.9382716049382716 0.7534722222222222 0.9382716049382716 0.7534722222222222 0.9835390946502057 0.6963734567901234 0.9835390946502057
2 0.8101851851851852 0.9331275720164609 0.8695987654320988 0.9331275720164609 0.8695987654320988 0.9845679012345679 0.8101851851851852 0.9845679012345679
0 0.7997685185185185 0.22839506172839505 0.8672839506172839 0.22839506172839505 0.8672839506172839 0.26697530864197533 0.7997685185185185 0.26697530864197533
0 0.9282407407407407 0.2227366255144033 0.9926697530864198 0.2227366255144033 0.9926697530864198 0.26954732510288065 0.9282407407407407 0.26954732510288065
0 0.8993055555555556 0.5329218106995884 0.9645061728395061 0.5329218106995884 0.9645061728395061 0.5797325102880658 0.8993055555555556 0.5797325102880658
0 0.7237654320987654 0.698559670781893 0.7835648148148148 0.698559670781893 0.7835648148148148 0.7479423868312757 0.7237654320987654 0.7479423868312757
0 0.8715277777777778 0.7258230452674898 0.9363425925925926 0.7258230452674898 0.9363425925925926 0.7685185185185185 0.8715277777777778 0.7685185185185185
1 0.9672067901234568 0.698559670781893 1.0 0.698559670781893 1.0 0.7458847736625515 0.9672067901234568 0.7458847736625515
3 0.9830246913580247 0.948559670781893 1.0 0.948559670781893 1.0 0.9871399176954733 0.9830246913580247 0.9871399176954733
4 0.022376543209876542 0.0874485596707819 0.05246913580246913 0.0874485596707819 0.05246913580246913 0.1882716049382716 0.022376543209876542 0.1882716049382716
4 0.31905864197530864 0.06893004115226338 0.3445216049382716 0.06327160493827161 0.35146604938271603 0.11676954732510288 0.3263888888888889 0.12294238683127572
4 0.22299382716049382 0.20267489711934156 0.25578703703703703 0.22170781893004116 0.22839506172839505 0.30606995884773663 0.19560185185185186 0.2875514403292181
4 0.6847993827160493 0.7098765432098766 0.7523148148148148 0.6368312757201646 0.7654320987654321 0.6579218106995884 0.6975308641975309 0.7309670781893004
4 0.15895061728395063 0.7577160493827161 0.2048611111111111 0.6898148148148148 0.22337962962962962 0.7119341563786008 0.17746913580246915 0.7803497942386831
4 0.7870370370370371 0.7659465020576132 0.8140432098765432 0.8595679012345679 0.7700617283950617 0.882201646090535 0.7430555555555556 0.7885802469135802
4 0.7635030864197531 0.7561728395061729 0.7901234567901234 0.7263374485596708 0.8128858024691358 0.7628600823045267 0.7862654320987654 0.7926954732510288
4 0.41628086419753085 0.3775720164609053 0.4849537037037037 0.3323045267489712 0.5081018518518519 0.3940329218106996 0.4390432098765432 0.43930041152263377
4 0.22145061728395063 0.44238683127572015 0.2862654320987654 0.40843621399176955 0.29976851851851855 0.4542181069958848 0.2349537037037037 0.4881687242798354
4 0.6365740740740741 0.4351851851851852 0.6770833333333334 0.40329218106995884 0.6925154320987654 0.43775720164609055 0.6520061728395061 0.4696502057613169
4 0.8842592592592593 0.3425925925925926 0.9371141975308642 0.3425925925925926 0.9371141975308642 0.4027777777777778 0.8842592592592593 0.4027777777777778
4 0.38271604938271603 0.9197530864197531 0.4058641975308642 0.9423868312757202 0.3931327160493827 0.9660493827160493 0.36959876543209874 0.9434156378600823
4 0.5694444444444444 0.7283950617283951 0.5941358024691358 0.7124485596707819 0.6172839506172839 0.7762345679012346 0.5922067901234568 0.7921810699588477
