0 0.11072530864197531 0.26697530864197533 0.1739969135802469 0.26697530864197533 0.1739969135802469 0.30864197530864196 0.11072530864197531 0.30864197530864196
2 0.32253086419753085 0.27109053497942387 0.3939043209876543 0.27109053497942387 0.3939043209876543 0.31635802469135804 0.32253086419753085 0.31635802469135804
0 0.6045524691358025 0.27109053497942387 0.6763117283950617 0.27109053497942387 0.6763117283950617 0.31635802469135804 0.6045524691358025 0.31635802469135804
0 0.7959104938271605 0.2757201646090535 0.8665123456790124 0.2757201646090535 0.8665123456790124 0.3204732510288066 0.7959104938271605 0.3204732510288066
3 0.0 0.5252057613168725 0.06018518518518518 0.5252057613168725 0.06018518518518518 0.5699588477366255 0.0 0.5699588477366255
0 0.2465277777777778 0.5308641975308642 0.3152006172839506 0.5308641975308642 0.3152006172839506 0.5781893004115226 0.2465277777777778 0.5781893004115226
0 0.6014660493827161 0.5344650205761317 0.6701388888888888 0.5344650205761317 0.6701388888888888 0.5771604938271605 0.6014660493827161 0.5771604938271605
2 0.9116512345679012 0.5303497942386831 0.9814814814814815 0.5303497942386831 0.9814814814814815 0.5797325102880658 0.9116512345679012 0.5797325102880658
4 0.45949074074074076 0.035493827160493825 0.4841820987654321 0.03446502057613169 0.4876543209876543 0.1419753086419753 0.46296296296296297 0.14351851851851852
4 0.1091820987654321 0.10751028806584362 0.12229938271604938 0.0823045267489712 0.14467592592592593 0.102880658436214 0.13155864197530864 0.1286008230452675
4 0.7214506172839507 0.10699588477366255 0.7712191358024691 0.06172839506172839 0.7820216049382716 0.08384773662551441 0.7322530864197531 0.1286008230452675
4 0.9803240740740741 0.08127572016460906 1.0 0.08127572016460906 1.0 0.11676954732510288 0.9803240740740741 0.11676954732510288
4 0.033179012345679014 0.2412551440329218 0.10108024691358025 0.2330246913580247 0.10300925925925926 0.26080246913580246 0.03510802469135803 0.2690329218106996
4 0.27237654320987653 0.24382716049382716 0.33564814814814814 0.21656378600823045 0.3414351851851852 0.24022633744855967 0.2777777777777778 0.2674897119341564
4 0.3001543209876543 0.3863168724279835 0.3387345679012346 0.3863168724279835 0.3387345679012346 0.41872427983539096 0.3001543209876543 0.41872427983539096
4 0.5609567901234568 0.24331275720164608 0.623070987654321 0.22633744855967078 0.626929012345679 0.25308641975308643 0.5648148148148148 0.2700617283950617
4 0.7345679012345679 0.2381687242798354 0.7712191358024691 0.2381687242798354 0.7712191358024691 0.26697530864197533 0.7345679012345679 0.26697530864197533
4 0.13117283950617284 0.6599794238683128 0.1863425925925926 0.6481481481481481 0.18981481481481483 0.6748971193415638 0.13464506172839505 0.6867283950617284
4 0.19367283950617284 0.5781893004115226 0.25 0.5781893004115226 0.25 0.61059670781893 0.19367283950617284 0.61059670781893
4 0.4679783950617284 0.5895061728395061 0.53125 0.5560699588477366 0.5385802469135802 0.581275720164609 0.47530864197530864 0.6141975308641975
4 0.2974537037037037 0.7854938271604939 0.3626543209876543 0.7803497942386831 0.3638117283950617 0.8055555555555556 0.2986111111111111 0.8106995884773662
4 0.6516203703703703 0.5061728395061729 0.6682098765432098 0.4861111111111111 0.7415123456790124 0.5931069958847737 0.7249228395061729 0.6131687242798354
4 0.1099537037037037 0.7767489711934157 0.15239197530864199 0.7767489711934157 0.15239197530864199 0.8179012345679012 0.1099537037037037 0.8179012345679012
4 0.5177469135802469 0.7875514403292181 0.5501543209876543 0.8153292181069959 0.5378086419753086 0.8410493827160493 0.5054012345679012 0.8132716049382716
4 0.7372685185185185 0.7885802469135802 0.8036265432098766 0.7772633744855967 0.8067129629629629 0.808641975308642 0.7403549382716049 0.8199588477366255
4 0.6550925925925926 0.9254115226337448 0.6755401234567902 0.9501028806584362 0.6566358024691358 0.977880658436214 0.6361882716049383 0.9537037037037037
4 0.32021604938271603 0.9537037037037037 0.34837962962962965 0.9197530864197531 0.36574074074074076 0.9454732510288066 0.33757716049382713 0.9794238683127572
4 0.0 0.375 0.011959876543209876 0.375 0.011959876543209876 0.41460905349794236 0.0 0.41460905349794236
