2 0.08101851851851852 0.18467078189300412 0.15856481481481483 0.18467078189300412 0.15856481481481483 0.24588477366255143 0.08101851851851852 0.24588477366255143
2 0.21180555555555555 0.18415637860082304 0.2839506172839506 0.18415637860082304 0.2839506172839506 0.2448559670781893 0.21180555555555555 0.2448559670781893
2 0.3449074074074074 0.18364197530864199 0.4278549382716049 0.18364197530864199 0.4278549382716049 0.23919753086419754 0.3449074074074074 0.23919753086419754
2 0.46489197530864196 0.18415637860082304 0.5401234567901234 0.18415637860082304 0.5401234567901234 0.2417695473251029 0.46489197530864196 0.2417695473251029
2 0.5787037037037037 0.19032921810699588 0.6435185185185185 0.19032921810699588 0.6435185185185185 0.24845679012345678 0.5787037037037037 0.24845679012345678
2 0.7800925925925926 0.19032921810699588 0.8587962962962963 0.19032921810699588 0.8587962962962963 0.25051440329218105 0.7800925925925926 0.25051440329218105
2 0.9286265432098766 0.19032921810699588 0.9972993827160493 0.19032921810699588 0.9972993827160493 0.25462962962962965 0.9286265432098766 0.25462962962962965
0 0.027391975308641976 0.6033950617283951 0.10339506172839506 0.6033950617283951 0.10339506172839506 0.6646090534979424 0.027391975308641976 0.6646090534979424
0 0.1728395061728395 0.5997942386831275 0.24537037037037038 0.5997942386831275 0.24537037037037038 0.6697530864197531 0.1728395061728395 0.6697530864197531
0 0.3074845679012346 0.6033950617283951 0.3819444444444444 0.6033950617283951 0.3819444444444444 0.6661522633744856 0.3074845679012346 0.6661522633744856
0 0.43287037037037035 0.6008230452674898 0.5081018518518519 0.6008230452674898 0.5081018518518519 0.668724279835391 0.43287037037037035 0.668724279835391
0 0.5578703703703703 0.6044238683127572 0.6331018518518519 0.6044238683127572 0.6331018518518519 0.668724279835391 0.5578703703703703 0.668724279835391
0 0.7172067901234568 0.6136831275720165 0.7897376543209876 0.6136831275720165 0.7897376543209876 0.6754115226337448 0.7172067901234568 0.6754115226337448
0 0.8684413580246914 0.6116255144032922 0.9382716049382716 0.6116255144032922 0.9382716049382716 0.6779835390946503 0.8684413580246914 0.6779835390946503
2 0.09490740740740741 0.7803497942386831 0.16898148148148148 0.7803497942386831 0.16898148148148148 0.831275720164609 0.09490740740740741 0.831275720164609
2 0.20679012345679013 0.7788065843621399 0.28587962962962965 0.7788065843621399 0.28587962962962965 0.8343621399176955 0.20679012345679013 0.8343621399176955
2 0.33217592592592593 0.7839506172839507 0.40933641975308643 0.7839506172839507 0.40933641975308643 0.8389917695473251 0.33217592592592593 0.8389917695473251
2 0.47183641975308643 0.7824074074074074 0.5455246913580247 0.7885802469135802 0.5432098765432098 0.8400205761316872 0.4695216049382716 0.8338477366255144
2 0.6122685185185185 0.7911522633744856 0.6782407407407407 0.7911522633744856 0.6782407407407407 0.8415637860082305 0.6122685185185185 0.8415637860082305
2 0.7067901234567902 0.7926954732510288 0.7716049382716049 0.7926954732510288 0.7716049382716049 0.8446502057613169 0.7067901234567902 0.8446502057613169
2 0.9120370370370371 0.7916666666666666 0.9841820987654321 0.7916666666666666 0.9841820987654321 0.845679012345679 0.9120370370370371 0.845679012345679
4 0.1527777777777778 0.4104938271604938 0.18942901234567902 0.4156378600823045 0.18595679012345678 0.4583333333333333 0.14930555555555555 0.4531893004115226
4 0.8973765432098766 0.3863168724279835 0.9390432098765432 0.3863168724279835 0.9390432098765432 0.41872427983539096 0.8973765432098766 0.41872427983539096
4 0.5393518518518519 0.35185185185185186 0.5902777777777778 0.3873456790123457 0.5775462962962963 0.4202674897119342 0.5266203703703703 0.38425925925925924
4 0.623070987654321 0.30864197530864196 0.6520061728395061 0.28858024691358025 0.6612654320987654 0.31121399176954734 0.6323302469135802 0.33127572016460904
4 0.9490740740740741 0.33024691358024694 0.9934413580246914 0.31224279835390945 0.9972993827160493 0.3271604938271605 0.9525462962962963 0.345679012345679
4 0.5617283950617284 0.7515432098765432 0.5725308641975309 0.7222222222222222 0.6003086419753086 0.7402263374485597 0.5891203703703703 0.7695473251028807
4 0.1111111111111111 0.05606995884773663 0.12345679012345678 0.05606995884773663 0.12345679012345678 0.08076131687242798 0.1111111111111111 0.08076131687242798
4 0.7310956790123457 0.051440329218107 0.7503858024691358 0.045781893004115226 0.7623456790123457 0.11213991769547325 0.7434413580246914 0.1183127572016461
4 0.9189814814814815 0.08436213991769548 0.9344135802469136 0.08127572016460906 0.9417438271604939 0.14969135802469136 0.9263117283950617 0.1527777777777778
3 0.0 0.772633744855967 0.021604938271604937 0.772633744855967 0.021604938271604937 0.8189300411522634 0.0 0.8189300411522634
4 0.024691358024691357 0.3585390946502058 0.06558641975308642 0.3863168724279835 0.052083333333333336 0.4212962962962963 0.011188271604938271 0.3940329218106996
3 0.0 0.19444444444444445 0.024305555555555556 0.19444444444444445 0.024305555555555556 0.24691358024691357 0.0 0.24691358024691357
4 0.8314043209876543 0.698559670781893 0.8545524691358025 0.7196502057613169 0.84375 0.7412551440329218 0.8206018518518519 0.720679012345679
