2 0.008487654320987654 0.026234567901234566 0.09027777777777778 0.026234567901234566 0.09027777777777778 0.06635802469135803 0.008487654320987654 0.06635802469135803
0 0.16820987654320987 0.018518518518518517 0.2341820987654321 0.018518518518518517 0.2341820987654321 0.06738683127572016 0.16820987654320987 0.06738683127572016
0 0.35648148148148145 0.02726337448559671 0.4382716049382716 0.02726337448559671 0.4382716049382716 0.07150205761316872 0.35648148148148145 0.07150205761316872
0 0.5115740740740741 0.02263374485596708 0.5806327160493827 0.02263374485596708 0.5806327160493827 0.07150205761316872 0.5115740740740741 0.07150205761316872
0 0.6689814814814815 0.02726337448559671 0.7469135802469136 0.02726337448559671 0.7469135802469136 0.08024691358024691 0.6689814814814815 0.08024691358024691
0 0.8344907407407407 0.026234567901234566 0.9097222222222222 0.026234567901234566 0.9097222222222222 0.08024691358024691 0.8344907407407407 0.08024691358024691
0 0.003472222222222222 0.3096707818930041 0.0798611111111111 0.3096707818930041 0.0798611111111111 0.3559670781893004 0.003472222222222222 0.3559670781893004
0 0.16550925925925927 0.30709876543209874 0.24537037037037038 0.30709876543209874 0.24537037037037038 0.3585390946502058 0.16550925925925927 0.3585390946502058
0 0.32175925925925924 0.31224279835390945 0.3931327160493827 0.31224279835390945 0.3931327160493827 0.3585390946502058 0.32175925925925924 0.3585390946502058
0 0.4402006172839506 0.3148148148148148 0.5061728395061729 0.3148148148148148 0.5061728395061729 0.3636831275720165 0.4402006172839506 0.3636831275720165
0 0.5428240740740741 0.3184156378600823 0.6087962962962963 0.3184156378600823 0.6087962962962963 0.3647119341563786 0.5428240740740741 0.3647119341563786
0 0.7403549382716049 0.3271604938271605 0.8128858024691358 0.3271604938271605 0.8128858024691358 0.3724279835390947 0.7403549382716049 0.3724279835390947
0 0.9031635802469136 0.33127572016460904 0.9756944444444444 0.33127572016460904 0.9756944444444444 0.3786008230452675 0.9031635802469136 0.3786008230452675
0 0.0 0.47530864197530864 0.06558641975308642 0.47530864197530864 0.06558641975308642 0.5133744855967078 0.0 0.5133744855967078
0 0.15432098765432098 0.4727366255144033 0.23148148148148148 0.4727366255144033 0.23148148148148148 0.5169753086419753 0.15432098765432098 0.5169753086419753
0 0.283179012345679 0.4727366255144033 0.3433641975308642 0.4727366255144033 0.3433641975308642 0.5154320987654321 0.283179012345679 0.5154320987654321
0 0.36959876543209874 0.47685185185185186 0.4375 0.47685185185185186 0.4375 0.5216049382716049 0.36959876543209874 0.5216049382716049
0 0.49112654320987653 0.47788065843621397 0.564429012345679 0.47788065843621397 0.564429012345679 0.5190329218106996 0.49112654320987653 0.5190329218106996
0 0.6257716049382716 0.47890946502057613 0.6963734567901234 0.47890946502057613 0.6963734567901234 0.5216049382716049 0.6257716049382716 0.5216049382716049
2 0.7253086419753086 0.48045267489711935 0.7966820987654321 0.48045267489711935 0.7966820987654321 0.5257201646090535 0.7253086419753086 0.5257201646090535
0 0.8692129629629629 0.48662551440329216 0.9351851851851852 0.48662551440329216 0.9351851851851852 0.529320987654321 0.8692129629629629 0.529320987654321
2 0.034722222222222224 0.7577160493827161 0.11188271604938271 0.7577160493827161 0.11188271604938271 0.8029835390946503 0.034722222222222224 0.8029835390946503
2 0.20794753086419754 0.7602880658436214 0.2708333333333333 0.7602880658436214 0.2708333333333333 0.8029835390946503 0.20794753086419754 0.8029835390946503
2 0.33294753086419754 0.7577160493827161 0.408179012345679 0.7577160493827161 0.408179012345679 0.8029835390946503 0.33294753086419754 0.8029835390946503
2 0.5015432098765432 0.7613168724279835 0.5736882716049383 0.7613168724279835 0.5736882716049383 0.8076131687242798 0.5015432098765432 0.8076131687242798
2 0.6593364197530864 0.7716049382716049 0.7233796296296297 0.7716049382716049 0.7233796296296297 0.8179012345679012 0.6593364197530864 0.8179012345679012
2 0.05787037037037037 0.9068930041152263 0.1385030864197531 0.9068930041152263 0.1385030864197531 0.9521604938271605 0.05787037037037037 0.9521604938271605
2 0.1882716049382716 0.9068930041152263 0.2596450617283951 0.9068930041152263 0.2596450617283951 0.9537037037037037 0.1882716049382716 0.9537037037037037
0 0.32330246913580246 0.9094650205761317 0.39467592592592593 0.9094650205761317 0.39467592592592593 0.9583333333333334 0.32330246913580246 0.9583333333333334
0 0.45949074074074076 0.9053497942386831 0.5219907407407407 0.9053497942386831 0.5219907407407407 0.9537037037037037 0.45949074074074076 0.9537037037037037
0 0.5559413580246914 0.9068930041152263 0.6311728395061729 0.9068930041152263 0.6311728395061729 0.9609053497942387 0.5559413580246914 0.9609053497942387
0 0.6925154320987654 0.9094650205761317 0.7638888888888888 0.9094650205761317 0.7638888888888888 0.9547325102880658 0.6925154320987654 0.9547325102880658
2 0.8213734567901234 0.9156378600823045 0.8854166666666666 0.9156378600823045 0.8854166666666666 0.9660493827160493 0.8213734567901234 0.9660493827160493
2 0.9239969135802469 0.9192386831275721 0.9907407407407407 0.9192386831275721 0.9907407407407407 0.9670781893004116 0.9239969135802469 0.9670781893004116
3 0.9614197530864198 0.7762345679012346 1.0 0.7762345679012346 1.0 0.8287037037037037 0.9614197530864198 0.8287037037037037
4 0.16203703703703703 0.1352880658436214 0.19753086419753085 0.1352880658436214 0.19753086419753085 0.20627572016460904 0.16203703703703703 0.20627572016460904
4 0.3452932098765432 0.19855967078189302 0.3950617283950617 0.14094650205761317 0.41975308641975306 0.17849794238683128 0.3699845679012346 0.2361111111111111
4 0.6624228395061729 0.12448559670781893 0.6921296296296297 0.15329218106995884 0.6469907407407407 0.2361111111111111 0.6172839506172839 0.20730452674897118
4 0.9768518518518519 0.15895061728395063 0.9996141975308642 0.18467078189300412 0.9587191358024691 0.24845679012345678 0.9359567901234568 0.2227366255144033
4 0.5713734567901234 0.5452674897119342 0.6130401234567902 0.5725308641975309 0.5790895061728395 0.6640946502057613 0.5374228395061729 0.6363168724279835
2 0.7966820987654321 0.7716049382716049 0.8668981481481481 0.7716049382716049 0.8668981481481481 0.815843621399177 0.7966820987654321 0.815843621399177
4 0.2322530864197531 0.565843621399177 0.28703703703703703 0.6167695473251029 0.2681327160493827 0.6532921810699589 0.21334876543209877 0.602366255144033
4 0.8379629629629629 0.727366255144033 0.8757716049382716 0.720164609053498 0.8792438271604939 0.7525720164609053 0.8414351851851852 0.7597736625514403
4 0.3464506172839506 0.7001028806584362 0.36844135802469136 0.7052469135802469 0.3645833333333333 0.7366255144032922 0.3425925925925926 0.7314814814814815
