3 0.0 0.07613168724279835 0.06867283950617284 0.07613168724279835 0.06867283950617284 0.12191358024691358 0.0 0.12191358024691358
2 0.19483024691358025 0.07253086419753087 0.27662037037037035 0.07253086419753087 0.27662037037037035 0.12602880658436214 0.19483024691358025 0.12602880658436214
2 0.4807098765432099 0.07253086419753087 0.558641975308642 0.07253086419753087 0.558641975308642 0.12037037037037036 0.4807098765432099 0.12037037037037036
2 0.7716049382716049 0.06893004115226338 0.8514660493827161 0.06893004115226338 0.8514660493827161 0.11522633744855967 0.7716049382716049 0.11522633744855967
3 0.9645061728395061 0.06275720164609054 1.0 0.06275720164609054 1.0 0.10751028806584362 0.9645061728395061 0.10751028806584362
0 0.28125 0.3914609053497942 0.35455246913580246 0.3914609053497942 0.35455246913580246 0.44290123456790126 0.28125 0.44290123456790126
0 0.5617283950617284 0.3940329218106996 0.6311728395061729 0.3940329218106996 0.6311728395061729 0.44393004115226337 0.5617283950617284 0.44393004115226337
0 0.251929012345679 0.5807613168724279 0.33024691358024694 0.5807613168724279 0.33024691358024694 0.6311728395061729 0.251929012345679 0.6311728395061729
0 0.5636574074074074 0.5859053497942387 0.6388888888888888 0.5859053497942387 0.6388888888888888 0.6296296296296297 0.5636574074074074 0.6296296296296297
0 0.7800925925925926 0.5833333333333334 0.8495370370370371 0.5833333333333334 0.8495370370370371 0.6244855967078189 0.7800925925925926 0.6244855967078189
2 0.03279320987654321 0.8816872427983539 0.1091820987654321 0.8816872427983539 0.1091820987654321 0.9295267489711934 0.03279320987654321 0.9295267489711934
2 0.4185956790123457 0.8868312757201646 0.4949845679012346 0.8868312757201646 0.4949845679012346 0.9356995884773662 0.4185956790123457 0.9356995884773662
2 0.7160493827160493 0.8816872427983539 0.7939814814814815 0.8816872427983539 0.7939814814814815 0.9295267489711934 0.7160493827160493 0.9295267489711934
4 0.12885802469135801 0.35648148148148145 0.17978395061728394 0.31584362139917693 0.19290123456790123 0.345679012345679 0.1419753086419753 0.3863168724279835
4 0.4347993827160494 0.3801440329218107 0.47800925925925924 0.3045267489711934 0.5027006172839507 0.3297325102880658 0.45949074074074076 0.4053497942386831
4 0.8175154320987654 0.22530864197530864 0.9633487654320988 0.22530864197530864 0.9633487654320988 0.25411522633744854 0.8175154320987654 0.25411522633744854
4 0.18094135802469136 0.6728395061728395 0.23804012345679013 0.6574074074074074 0.24575617283950618 0.7093621399176955 0.1886574074074074 0.7247942386831275
4 0.3761574074074074 0.6903292181069959 0.41550925925925924 0.6172839506172839 0.4340277777777778 0.6352880658436214 0.39467592592592593 0.7083333333333334
4 0.49151234567901236 0.6332304526748971 0.5501543209876543 0.5869341563786008 0.5636574074074074 0.617798353909465 0.5050154320987654 0.6640946502057613
4 0.27391975308641975 0.44753086419753085 0.2835648148148148 0.4588477366255144 0.22955246913580246 0.5396090534979424 0.2199074074074074 0.5282921810699589
4 0.7677469135802469 0.6651234567901234 0.8595679012345679 0.7067901234567902 0.8506944444444444 0.742798353909465 0.7588734567901234 0.7011316872427984
4 0.2527006172839506 0.8487654320987654 0.3333333333333333 0.8173868312757202 0.341820987654321 0.8554526748971193 0.2611882716049383 0.8868312757201646
4 0.8908179012345679 0.8616255144032922 0.998070987654321 0.8503086419753086 0.9996141975308642 0.8780864197530864 0.8923611111111112 0.88940329218107
4 0.6192129629629629 0.5637860082304527 0.7137345679012346 0.4758230452674897 0.7303240740740741 0.5077160493827161 0.6358024691358025 0.595679012345679
4 0.7739197530864198 0.37088477366255146 0.8356481481481481 0.31430041152263377 0.8537808641975309 0.3492798353909465 0.7920524691358025 0.4058641975308642
