0 0.002700617283950617 0.14300411522633744 0.0779320987654321 0.14300411522633744 0.0779320987654321 0.19290123456790123 0.002700617283950617 0.19290123456790123
0 0.13734567901234568 0.14660493827160495 0.2179783950617284 0.14660493827160495 0.2179783950617284 0.2006172839506173 0.13734567901234568 0.2006172839506173
2 0.3074845679012346 0.15432098765432098 0.38580246913580246 0.15432098765432098 0.38580246913580246 0.20318930041152264 0.3074845679012346 0.20318930041152264
0 0.4479166666666667 0.15174897119341563 0.5219907407407407 0.15174897119341563 0.5219907407407407 0.2021604938271605 0.4479166666666667 0.2021604938271605
0 0.5833333333333334 0.14917695473251028 0.6585648148148148 0.14917695473251028 0.6585648148148148 0.1970164609053498 0.5833333333333334 0.1970164609053498
0 0.7611882716049383 0.14660493827160495 0.8344907407407407 0.14660493827160495 0.8344907407407407 0.19290123456790123 0.7611882716049383 0.19290123456790123
2 0.9135802469135802 0.1455761316872428 0.9830246913580247 0.1455761316872428 0.9830246913580247 0.19444444444444445 0.9135802469135802 0.19444444444444445
3 0.0 0.32253086419753085 0.02816358024691358 0.32253086419753085 0.02816358024691358 0.36934156378600824 0.0 0.36934156378600824
0 0.08179012345679013 0.3184156378600823 0.15779320987654322 0.3184156378600823 0.15779320987654322 0.3801440329218107 0.08179012345679013 0.3801440329218107
0 0.2368827160493827 0.31584362139917693 0.31790123456790126 0.31584362139917693 0.31790123456790126 0.3775720164609053 0.2368827160493827 0.3775720164609053
2 0.3942901234567901 0.323559670781893 0.4722222222222222 0.323559670781893 0.4722222222222222 0.3801440329218107 0.3942901234567901 0.3801440329218107
0 0.5474537037037037 0.32253086419753085 0.6207561728395061 0.32253086419753085 0.6207561728395061 0.38117283950617287 0.5474537037037037 0.38117283950617287
0 0.6520061728395061 0.323559670781893 0.7195216049382716 0.323559670781893 0.7195216049382716 0.3837448559670782 0.6520061728395061 0.3837448559670782
0 0.7546296296296297 0.32253086419753085 0.8271604938271605 0.32253086419753085 0.8271604938271605 0.3816872427983539 0.7546296296296297 0.3816872427983539
2 0.9004629629629629 0.31738683127572015 0.9679783950617284 0.31738683127572015 0.9679783950617284 0.3786008230452675 0.9004629629629629 0.3786008230452675
3 0.0 0.7088477366255144 0.05709876543209876 0.7088477366255144 0.05709876543209876 0.7613168724279835 0.0 0.7613168724279835
0 0.1099537037037037 0.713477366255144 0.1863425925925926 0.713477366255144 0.1863425925925926 0.7664609053497943 0.1099537037037037 0.7664609053497943
0 0.2361111111111111 0.7160493827160493 0.30864197530864196 0.7160493827160493 0.30864197530864196 0.7690329218106996 0.2361111111111111 0.7690329218106996
0 0.35262345679012347 0.7160493827160493 0.42901234567901236 0.7160493827160493 0.42901234567901236 0.7690329218106996 0.35262345679012347 0.7690329218106996
0 0.5100308641975309 0.7175925925925926 0.5945216049382716 0.7175925925925926 0.5945216049382716 0.7788065843621399 0.5100308641975309 0.7788065843621399
0 0.6716820987654321 0.720164609053498 0.7469135802469136 0.720164609053498 0.7469135802469136 0.7777777777777778 0.6716820987654321 0.7777777777777778
0 0.8005401234567902 0.7175925925925926 0.8715277777777778 0.7175925925925926 0.8715277777777778 0.7767489711934157 0.8005401234567902 0.7767489711934157
2 0.9143518518518519 0.7196502057613169 0.9880401234567902 0.7196502057613169 0.9880401234567902 0.7746913580246914 0.9143518518518519 0.7746913580246914
0 0.030864197530864196 0.8657407407407407 0.10648148148148148 0.8657407407407407 0.10648148148148148 0.911522633744856 0.030864197530864196 0.911522633744856
2 0.6898148148148148 0.8492798353909465 0.7619598765432098 0.8492798353909465 0.7619598765432098 0.8940329218106996 0.6898148148148148 0.8940329218106996
2 0.5108024691358025 0.8425925925925926 0.5814043209876543 0.8425925925925926 0.5814043209876543 0.8924897119341564 0.5108024691358025 0.8924897119341564
4 0.43209876543209874 0.5504115226337448 0.4575617283950617 0.5339506172839507 0.5077160493827161 0.6738683127572016 0.48225308641975306 0.6903292181069959
4 0.17785493827160495 0.37551440329218105 0.19560185185185186 0.38786008230452673 0.1701388888888889 0.45627572016460904 0.15200617283950618 0.44393004115226337
4 0.2800925925925926 0.046296296296296294 0.3175154320987654 0.01748971193415638 0.3715277777777778 0.14248971193415638 0.33371913580246915 0.1712962962962963
4 0.8676697530864198 0.00051440329218107 0.8861882716049383 0.00051440329218107 0.8861882716049383 0.17078189300411523 0.8676697530864198 0.17078189300411523
4 0.625 0.5241769547325102 0.6875 0.5740740740740741 0.6705246913580247 0.6116255144032922 0.6080246913580247 0.5617283950617284
4 0.5061728395061729 0.0030864197530864196 0.5354938271604939 0.0030864197530864196 0.5354938271604939 0.11522633744855967 0.5061728395061729 0.11522633744855967
4 0.015046296296296295 0.04989711934156379 0.04089506172839506 0.024691358024691357 0.10146604938271606 0.13425925925925927 0.07600308641975309 0.15946502057613168
