1 0.0 0.03137860082304527 0.02507716049382716 0.03137860082304527 0.02507716049382716 0.07304526748971193 0.0 0.07304526748971193
0 0.11921296296296297 0.033950617283950615 0.18248456790123457 0.033950617283950615 0.18248456790123457 0.08076131687242798 0.11921296296296297 0.08076131687242798
0 0.24074074074074073 0.046296296296296294 0.3140432098765432 0.046296296296296294 0.3140432098765432 0.0889917695473251 0.24074074074074073 0.0889917695473251
0 0.4564043209876543 0.047325102880658436 0.5408950617283951 0.047325102880658436 0.5408950617283951 0.09516460905349794 0.4564043209876543 0.09516460905349794
0 0.7349537037037037 0.055041152263374485 0.8233024691358025 0.055041152263374485 0.8233024691358025 0.10390946502057613 0.7349537037037037 0.10390946502057613
2 0.23804012345679013 0.27829218106995884 0.32253086419753085 0.27829218106995884 0.32253086419753085 0.3333333333333333 0.23804012345679013 0.3333333333333333
2 0.4695216049382716 0.2844650205761317 0.5486111111111112 0.2844650205761317 0.5486111111111112 0.33487654320987653 0.4695216049382716 0.33487654320987653
2 0.7114197530864198 0.2962962962962963 0.7932098765432098 0.2962962962962963 0.7932098765432098 0.3441358024691358 0.7114197530864198 0.3441358024691358
3 0.9521604938271605 0.29835390946502055 1.0 0.29835390946502055 1.0 0.3482510288065844 0.9521604938271605 0.3482510288065844
3 0.0 0.27109053497942387 0.06558641975308642 0.27109053497942387 0.06558641975308642 0.3245884773662551 0.0 0.3245884773662551
2 0.047839506172839504 0.6131687242798354 0.13348765432098766 0.6131687242798354 0.13348765432098766 0.6620370370370371 0.047839506172839504 0.6620370370370371
2 0.28780864197530864 0.6198559670781894 0.3742283950617284 0.6198559670781894 0.3742283950617284 0.6692386831275721 0.28780864197530864 0.6692386831275721
2 0.5258487654320988 0.6286008230452675 0.6057098765432098 0.6286008230452675 0.6057098765432098 0.6810699588477366 0.5258487654320988 0.6810699588477366
2 0.746141975308642 0.6399176954732511 0.8213734567901234 0.6399176954732511 0.8213734567901234 0.6898148148148148 0.746141975308642 0.6898148148148148
3 0.9351851851851852 0.6435185185185185 1.0 0.6435185185185185 1.0 0.6929012345679012 0.9351851851851852 0.6929012345679012
2 0.053626543209876545 0.8405349794238683 0.11921296296296297 0.8405349794238683 0.11921296296296297 0.8930041152263375 0.053626543209876545 0.8930041152263375
2 0.24344135802469136 0.8554526748971193 0.3221450617283951 0.8554526748971193 0.3221450617283951 0.9053497942386831 0.24344135802469136 0.9053497942386831
2 0.4949845679012346 0.8657407407407407 0.5682870370370371 0.8657407407407407 0.5682870370370371 0.9156378600823045 0.4949845679012346 0.9156378600823045
2 0.8541666666666666 0.8791152263374485 0.9305555555555556 0.8791152263374485 0.9305555555555556 0.9320987654320988 0.8541666666666666 0.9320987654320988
4 0.05709876543209876 0.43364197530864196 0.09182098765432099 0.44084362139917693 0.08294753086419752 0.5164609053497943 0.04861111111111111 0.5092592592592593
4 0.48919753086419754 0.3544238683127572 0.5165895061728395 0.3544238683127572 0.5165895061728395 0.507201646090535 0.48919753086419754 0.507201646090535
4 0.7125771604938271 0.3611111111111111 0.7442129629629629 0.35185185185185186 0.7530864197530864 0.404320987654321 0.7214506172839507 0.41358024691358025
4 0.7557870370370371 0.4742798353909465 0.8020833333333334 0.4742798353909465 0.8020833333333334 0.5102880658436214 0.7557870370370371 0.5102880658436214
