0 0.038580246913580245 0.16718106995884774 0.11458333333333333 0.16718106995884774 0.11458333333333333 0.21244855967078188 0.038580246913580245 0.21244855967078188
0 0.25733024691358025 0.16306584362139917 0.3290895061728395 0.16306584362139917 0.3290895061728395 0.20627572016460904 0.25733024691358025 0.20627572016460904
0 0.46064814814814814 0.16255144032921812 0.533179012345679 0.16255144032921812 0.533179012345679 0.20318930041152264 0.46064814814814814 0.20318930041152264
0 0.8121141975308642 0.16666666666666666 0.8838734567901234 0.16666666666666666 0.8838734567901234 0.20833333333333334 0.8121141975308642 0.20833333333333334
0 0.1381172839506173 0.29732510288065844 0.2029320987654321 0.29732510288065844 0.2029320987654321 0.33487654320987653 0.1381172839506173 0.33487654320987653
0 0.36882716049382713 0.29218106995884774 0.44135802469135804 0.29218106995884774 0.44135802469135804 0.3323045267489712 0.36882716049382713 0.3323045267489712
0 0.6273148148148148 0.28858024691358025 0.6979166666666666 0.28858024691358025 0.6979166666666666 0.33024691358024694 0.6273148148148148 0.33024691358024694
0 0.8464506172839507 0.2957818930041152 0.9166666666666666 0.2957818930041152 0.9166666666666666 0.33487654320987653 0.8464506172839507 0.33487654320987653
0 0.38117283950617287 0.46502057613168724 0.4506172839506173 0.46502057613168724 0.4506172839506173 0.5041152263374485 0.38117283950617287 0.5041152263374485
0 0.6037808641975309 0.46399176954732513 0.6755401234567902 0.46399176954732513 0.6755401234567902 0.5041152263374485 0.6037808641975309 0.5041152263374485
0 0.9116512345679012 0.46399176954732513 0.9803240740740741 0.46399176954732513 0.9803240740740741 0.5066872427983539 0.9116512345679012 0.5066872427983539
0 0.2199074074074074 0.5632716049382716 0.28780864197530864 0.5632716049382716 0.28780864197530864 0.6033950617283951 0.2199074074074074 0.6033950617283951
0 0.46875 0.5576131687242798 0.5324074074074074 0.5576131687242798 0.5324074074074074 0.5997942386831275 0.46875 0.5997942386831275
0 0.7611882716049383 0.5622427983539094 0.8287037037037037 0.5622427983539094 0.8287037037037037 0.6039094650205762 0.7611882716049383 0.6039094650205762
2 0.005401234567901234 0.720164609053498 0.08256172839506173 0.720164609053498 0.08256172839506173 0.7716049382716049 0.005401234567901234 0.7716049382716049
2 0.3074845679012346 0.7165637860082305 0.38117283950617287 0.7165637860082305 0.38117283950617287 0.76440329218107 0.3074845679012346 0.76440329218107
2 0.5559413580246914 0.7247942386831275 0.6207561728395061 0.7247942386831275 0.6207561728395061 0.7736625514403292 0.5559413580246914 0.7736625514403292
2 0.7665895061728395 0.7314814814814815 0.8317901234567902 0.7314814814814815 0.8317901234567902 0.7767489711934157 0.7665895061728395 0.7767489711934157
2 0.20871913580246915 0.8832304526748971 0.27469135802469136 0.8832304526748971 0.27469135802469136 0.926440329218107 0.20871913580246915 0.926440329218107
2 0.34953703703703703 0.8806584362139918 0.4074074074074074 0.8806584362139918 0.4074074074074074 0.918724279835391 0.34953703703703703 0.918724279835391
2 0.5412808641975309 0.8888888888888888 0.6118827160493827 0.8919753086419753 0.6107253086419753 0.9351851851851852 0.5401234567901234 0.9326131687242798
2 0.7604166666666666 0.8945473251028807 0.8352623456790124 0.8966049382716049 0.8344907407407407 0.940843621399177 0.7596450617283951 0.9387860082304527
3 0.9645061728395061 0.9017489711934157 1.0 0.9017489711934157 1.0 0.9444444444444444 0.9645061728395061 0.9444444444444444
