3 0.0 0.05761316872427984 0.05324074074074074 0.05761316872427984 0.05324074074074074 0.1095679012345679 0.0 0.1095679012345679
2 0.36689814814814814 0.0411522633744856 0.4425154320987654 0.0411522633744856 0.4425154320987654 0.08693415637860083 0.36689814814814814 0.08693415637860083
2 0.5702160493827161 0.03137860082304527 0.6489197530864198 0.03137860082304527 0.6489197530864198 0.0823045267489712 0.5702160493827161 0.0823045267489712
2 0.8186728395061729 0.02726337448559671 0.8973765432098766 0.02726337448559671 0.8973765432098766 0.06995884773662552 0.8186728395061729 0.06995884773662552
1 0.0 0.4212962962962963 0.047453703703703706 0.4212962962962963 0.047453703703703706 0.463477366255144 0.0 0.463477366255144
0 0.7912808641975309 0.23559670781893005 0.8533950617283951 0.23559670781893005 0.8533950617283951 0.2808641975308642 0.7912808641975309 0.2808641975308642
0 0.2962962962962963 0.4012345679012346 0.3722993827160494 0.4012345679012346 0.3722993827160494 0.44650205761316875 0.2962962962962963 0.44650205761316875
0 0.4375 0.426440329218107 0.5069444444444444 0.426440329218107 0.5069444444444444 0.4675925925925926 0.4375 0.4675925925925926
0 0.7141203703703703 0.4161522633744856 0.7874228395061729 0.4161522633744856 0.7874228395061729 0.46656378600823045 0.7141203703703703 0.46656378600823045
0 0.18325617283950618 0.6147119341563786 0.25 0.6147119341563786 0.25 0.6522633744855967 0.18325617283950618 0.6522633744855967
0 0.2916666666666667 0.6059670781893004 0.36574074074074076 0.6059670781893004 0.36574074074074076 0.6496913580246914 0.2916666666666667 0.6496913580246914
0 0.5513117283950617 0.6008230452674898 0.6257716049382716 0.6008230452674898 0.6257716049382716 0.6450617283950617 0.5513117283950617 0.6450617283950617
0 0.8958333333333334 0.5982510288065843 0.9702932098765432 0.5982510288065843 0.9702932098765432 0.6419753086419753 0.8958333333333334 0.6419753086419753
0 0.03665123456790124 0.8076131687242798 0.10416666666666667 0.7993827160493827 0.1076388888888889 0.8477366255144033 0.040123456790123455 0.8559670781893004
2 0.2361111111111111 0.7901234567901234 0.30941358024691357 0.7901234567901234 0.30941358024691357 0.8389917695473251 0.2361111111111111 0.8389917695473251
0 0.5520833333333334 0.786522633744856 0.6246141975308642 0.786522633744856 0.6246141975308642 0.8379629629629629 0.5520833333333334 0.8379629629629629
0 0.7696759259259259 0.7901234567901234 0.84375 0.7901234567901234 0.84375 0.8369341563786008 0.7696759259259259 0.8369341563786008
1 0.9525462962962963 0.7911522633744856 0.9996141975308642 0.7911522633744856 0.9996141975308642 0.8389917695473251 0.9525462962962963 0.8389917695473251
1 0.36419753086419754 0.6445473251028807 0.43441358024691357 0.6743827160493827 0.42901234567901236 0.6954732510288066 0.3591820987654321 0.6661522633744856
4 0.7554012345679012 0.6358024691358025 0.8348765432098766 0.6748971193415638 0.8271604938271605 0.7021604938271605 0.7476851851851852 0.6630658436213992
4 0.7141203703703703 0.2772633744855967 0.7951388888888888 0.2772633744855967 0.7951388888888888 0.3096707818930041 0.7141203703703703 0.3096707818930041
4 0.6936728395061729 0.36059670781893005 0.7735339506172839 0.3374485596707819 0.7781635802469136 0.36676954732510286 0.6983024691358025 0.38940329218106995
4 0.38078703703703703 0.3549382716049383 0.4702932098765432 0.36728395061728397 0.4679783950617284 0.39711934156378603 0.3784722222222222 0.3852880658436214
4 0.6180555555555556 0.8996913580246914 0.6797839506172839 0.8256172839506173 0.691358024691358 0.8431069958847737 0.6300154320987654 0.9171810699588477
4 0.017746913580246913 0.28497942386831276 0.10416666666666667 0.3533950617283951 0.08912037037037036 0.3863168724279835 0.0030864197530864196 0.31790123456790126
4 0.2743055555555556 0.5246913580246914 0.345679012345679 0.5792181069958847 0.33487654320987653 0.6044238683127572 0.26350308641975306 0.5498971193415638
4 0.2881944444444444 0.7659465020576132 0.30864197530864196 0.7818930041152263 0.24768518518518517 0.9197530864197531 0.22723765432098766 0.9038065843621399
4 0.7635030864197531 0.5149176954732511 0.8510802469135802 0.5020576131687243 0.8533950617283951 0.529835390946502 0.7658179012345679 0.5426954732510288
4 0.2804783950617284 0.12705761316872427 0.30401234567901236 0.15380658436213993 0.28125 0.18981481481481483 0.25771604938271603 0.16358024691358025
4 0.4737654320987654 0.28343621399176955 0.5385802469135802 0.28858024691358025 0.5378086419753086 0.3132716049382716 0.47260802469135804 0.3081275720164609
4 0.9444444444444444 0.11522633744855967 0.9675925925925926 0.13271604938271606 0.9510030864197531 0.1728395061728395 0.9278549382716049 0.1558641975308642
4 0.9521604938271605 0.26440329218106995 0.9864969135802469 0.26440329218106995 0.9864969135802469 0.3101851851851852 0.9521604938271605 0.3101851851851852
4 0.003472222222222222 0.3816872427983539 0.03973765432098766 0.3816872427983539 0.03973765432098766 0.4243827160493827 0.003472222222222222 0.4243827160493827
