3 0.1871141975308642 0.0 0.26080246913580246 0.0 0.26080246913580246 0.035493827160493825 0.1871141975308642 0.035493827160493825
3 0.3113425925925926 0.0 0.3869598765432099 0.0 0.3869598765432099 0.032407407407407406 0.3113425925925926 0.032407407407407406
3 0.4722222222222222 0.00257201646090535 0.5489969135802469 0.00257201646090535 0.5489969135802469 0.029320987654320986 0.4722222222222222 0.029320987654320986
3 0.6689814814814815 0.0 0.7407407407407407 0.0 0.7407407407407407 0.023662551440329218 0.6689814814814815 0.023662551440329218
3 0.871141975308642 0.00102880658436214 0.9440586419753086 0.00102880658436214 0.9440586419753086 0.018518518518518517 0.871141975308642 0.018518518518518517
2 0.03356481481481482 0.20164609053497942 0.09953703703703703 0.20164609053497942 0.09953703703703703 0.2397119341563786 0.03356481481481482 0.2397119341563786
2 0.16280864197530864 0.2006172839506173 0.2465277777777778 0.2006172839506173 0.2465277777777778 0.24074074074074073 0.16280864197530864 0.24074074074074073
2 0.3433641975308642 0.2006172839506173 0.41396604938271603 0.2006172839506173 0.41396604938271603 0.2381687242798354 0.3433641975308642 0.2381687242798354
2 0.5165895061728395 0.19547325102880658 0.595679012345679 0.19547325102880658 0.595679012345679 0.2330246913580247 0.5165895061728395 0.2330246913580247
2 0.007716049382716049 0.31738683127572015 0.08719135802469136 0.31738683127572015 0.08719135802469136 0.35905349794238683 0.007716049382716049 0.35905349794238683
2 0.16666666666666666 0.3148148148148148 0.24845679012345678 0.3148148148148148 0.24845679012345678 0.3575102880658436 0.16666666666666666 0.3575102880658436
2 0.3113425925925926 0.30864197530864196 0.3904320987654321 0.30864197530864196 0.3904320987654321 0.3523662551440329 0.3113425925925926 0.3523662551440329
2 0.47492283950617287 0.31584362139917693 0.5466820987654321 0.31584362139917693 0.5466820987654321 0.3523662551440329 0.47492283950617287 0.3523662551440329
2 0.6331018518518519 0.31224279835390945 0.7083333333333334 0.31224279835390945 0.7083333333333334 0.3559670781893004 0.6331018518518519 0.3559670781893004
2 0.03356481481481482 0.5241769547325102 0.10146604938271606 0.5241769547325102 0.10146604938271606 0.5684156378600823 0.03356481481481482 0.5684156378600823
2 0.26427469135802467 0.51440329218107 0.3414351851851852 0.51440329218107 0.3414351851851852 0.551954732510288 0.26427469135802467 0.551954732510288
2 0.4494598765432099 0.5092592592592593 0.5192901234567902 0.5092592592592593 0.5192901234567902 0.551954732510288 0.4494598765432099 0.551954732510288
2 0.11651234567901235 0.6445473251028807 0.1878858024691358 0.6445473251028807 0.1878858024691358 0.683641975308642 0.11651234567901235 0.683641975308642
2 0.4243827160493827 0.6358024691358025 0.4853395061728395 0.6358024691358025 0.4853395061728395 0.6759259259259259 0.4243827160493827 0.6759259259259259
0 0.6689814814814815 0.1882716049382716 0.7364969135802469 0.1882716049382716 0.7364969135802469 0.2294238683127572 0.6689814814814815 0.2294238683127572
0 0.7912808641975309 0.19032921810699588 0.8626543209876543 0.19032921810699588 0.8626543209876543 0.2345679012345679 0.7912808641975309 0.2345679012345679
0 0.9108796296296297 0.1815843621399177 0.9783950617283951 0.1815843621399177 0.9783950617283951 0.22685185185185186 0.9108796296296297 0.22685185185185186
2 0.7893518518518519 0.31224279835390945 0.8672839506172839 0.31224279835390945 0.8672839506172839 0.3533950617283951 0.7893518518518519 0.3533950617283951
0 0.9297839506172839 0.3148148148148148 0.9996141975308642 0.3148148148148148 0.9996141975308642 0.3559670781893004 0.9297839506172839 0.3559670781893004
2 0.6057098765432098 0.5077160493827161 0.6909722222222222 0.5077160493827161 0.6909722222222222 0.5498971193415638 0.6057098765432098 0.5498971193415638
0 0.7743055555555556 0.5092592592592593 0.8560956790123457 0.5092592592592593 0.8560956790123457 0.5570987654320988 0.7743055555555556 0.5570987654320988
0 0.9259259259259259 0.5154320987654321 0.9953703703703703 0.5154320987654321 0.9953703703703703 0.5545267489711934 0.9259259259259259 0.5545267489711934
2 0.2604166666666667 0.6460905349794238 0.3263888888888889 0.6460905349794238 0.3263888888888889 0.6826131687242798 0.2604166666666667 0.6826131687242798
0 0.558641975308642 0.6399176954732511 0.6311728395061729 0.6399176954732511 0.6311728395061729 0.6826131687242798 0.558641975308642 0.6826131687242798
2 0.716820987654321 0.6409465020576132 0.7893518518518519 0.6409465020576132 0.7893518518518519 0.6826131687242798 0.716820987654321 0.6826131687242798
0 0.9124228395061729 0.6399176954732511 0.998070987654321 0.6399176954732511 0.998070987654321 0.6826131687242798 0.9124228395061729 0.6826131687242798
0 0.08101851851851852 0.8374485596707819 0.15046296296296297 0.8374485596707819 0.15046296296296297 0.875 0.08101851851851852 0.875
0 0.27546296296296297 0.8348765432098766 0.34953703703703703 0.8348765432098766 0.34953703703703703 0.8703703703703703 0.27546296296296297 0.8703703703703703
0 0.4702932098765432 0.8261316872427984 0.5466820987654321 0.8261316872427984 0.5466820987654321 0.8672839506172839 0.4702932098765432 0.8672839506172839
0 0.6774691358024691 0.8343621399176955 0.75 0.8343621399176955 0.75 0.8755144032921811 0.6774691358024691 0.8755144032921811
0 0.8533950617283951 0.8317901234567902 0.9259259259259259 0.8317901234567902 0.9259259259259259 0.8744855967078189 0.8533950617283951 0.8744855967078189
0 0.03742283950617284 0.9609053497942387 0.10300925925925926 0.9609053497942387 0.10300925925925926 0.9994855967078189 0.03742283950617284 0.9994855967078189
0 0.24614197530864199 0.9547325102880658 0.32600308641975306 0.9547325102880658 0.32600308641975306 0.9974279835390947 0.24614197530864199 0.9974279835390947
0 0.4363425925925926 0.9531893004115226 0.5154320987654321 0.9531893004115226 0.5154320987654321 0.9958847736625515 0.4363425925925926 0.9958847736625515
0 0.6107253086419753 0.9531893004115226 0.6878858024691358 0.9531893004115226 0.6878858024691358 0.9897119341563786 0.6107253086419753 0.9897119341563786
0 0.7527006172839507 0.9557613168724279 0.8279320987654321 0.9557613168724279 0.8279320987654321 0.9933127572016461 0.7527006172839507 0.9933127572016461
0 0.8958333333333334 0.9506172839506173 0.9745370370370371 0.9506172839506173 0.9745370370370371 0.9994855967078189 0.8958333333333334 0.9994855967078189
4 0.4533179012345679 0.09207818930041152 0.5050154320987654 0.1388888888888889 0.4104938271604938 0.32407407407407407 0.3591820987654321 0.2772633744855967
4 0.7889660493827161 0.08693415637860083 0.8715277777777778 0.07921810699588477 0.8738425925925926 0.12139917695473251 0.7912808641975309 0.12911522633744857
4 0.15625 0.3976337448559671 0.20601851851851852 0.3976337448559671 0.20601851851851852 0.5797325102880658 0.15625 0.5797325102880658
4 0.5860339506172839 0.45010288065843623 0.6195987654320988 0.3713991769547325 0.6631944444444444 0.40483539094650206 0.6292438271604939 0.48302469135802467
4 0.5339506172839507 0.4506172839506173 0.560570987654321 0.47016460905349794 0.5277777777777778 0.5488683127572016 0.5015432098765432 0.529320987654321
4 0.11381172839506173 0.16666666666666666 0.15895061728395063 0.15946502057613168 0.16203703703703703 0.1934156378600823 0.11689814814814815 0.2006172839506173
4 0.3603395061728395 0.6527777777777778 0.41512345679012347 0.6538065843621399 0.41473765432098764 0.6898148148148148 0.3599537037037037 0.6882716049382716
4 0.6882716049382716 0.647633744855967 0.7222222222222222 0.6517489711934157 0.71875 0.7078189300411523 0.6847993827160493 0.7042181069958847
4 0.23148148148148148 0.7839506172839507 0.2650462962962963 0.7839506172839507 0.2650462962962963 0.8544238683127572 0.23148148148148148 0.8544238683127572
4 0.5601851851851852 0.7957818930041153 0.5852623456790124 0.772119341563786 0.6257716049382716 0.8482510288065843 0.6010802469135802 0.8719135802469136
4 0.8645833333333334 0.7942386831275721 0.9672067901234568 0.7150205761316872 0.9845679012345679 0.7551440329218106 0.8823302469135802 0.8343621399176955
4 0.16435185185185186 0.9573045267489712 0.22183641975308643 0.9418724279835391 0.22492283950617284 0.9619341563786008 0.16743827160493827 0.977366255144033
4 0.40162037037037035 0.06635802469135803 0.44405864197530864 0.06635802469135803 0.44405864197530864 0.11676954732510288 0.40162037037037035 0.11676954732510288
4 0.4228395061728395 0.8400205761316872 0.44483024691358025 0.8292181069958847 0.4548611111111111 0.8641975308641975 0.43287037037037035 0.8755144032921811
4 0.7600308641975309 0.7335390946502057 0.7781635802469136 0.7479423868312757 0.7569444444444444 0.7957818930041153 0.7384259259259259 0.7808641975308642
