0 0.04976851851851852 0.00874485596707819 0.1261574074074074 0.010802469135802469 0.125 0.06944444444444445 0.04861111111111111 0.0668724279835391
0 0.310570987654321 0.00360082304526749 0.38850308641975306 0.00360082304526749 0.38850308641975306 0.06018518518518518 0.310570987654321 0.06018518518518518
0 0.002700617283950617 0.19444444444444445 0.07407407407407407 0.19444444444444445 0.07407407407407407 0.2463991769547325 0.002700617283950617 0.2463991769547325
0 0.22762345679012347 0.1831275720164609 0.30787037037037035 0.1831275720164609 0.30787037037037035 0.2397119341563786 0.22762345679012347 0.2397119341563786
0 0.3726851851851852 0.18364197530864199 0.4521604938271605 0.17952674897119342 0.4537037037037037 0.23251028806584362 0.3742283950617284 0.2366255144032922
0 0.48996913580246915 0.00257201646090535 0.5617283950617284 0.00257201646090535 0.5617283950617284 0.06018518518518518 0.48996913580246915 0.06018518518518518
0 0.5408950617283951 0.1640946502057613 0.6246141975308642 0.1640946502057613 0.6246141975308642 0.21707818930041153 0.5408950617283951 0.21707818930041153
0 0.7310956790123457 0.15895061728395063 0.8078703703703703 0.15895061728395063 0.8078703703703703 0.20781893004115226 0.7310956790123457 0.20781893004115226
0 0.8665123456790124 0.14917695473251028 0.9409722222222222 0.14917695473251028 0.9409722222222222 0.20679012345679013 0.8665123456790124 0.20679012345679013
0 0.03356481481481482 0.3323045267489712 0.10802469135802469 0.3323045267489712 0.10802469135802469 0.3873456790123457 0.03356481481481482 0.3873456790123457
0 0.21141975308641975 0.32253086419753085 0.28858024691358025 0.32253086419753085 0.28858024691358025 0.37397119341563784 0.21141975308641975 0.37397119341563784
0 0.3722993827160494 0.31738683127572015 0.4506172839506173 0.31738683127572015 0.4506172839506173 0.3713991769547325 0.3722993827160494 0.3713991769547325
0 0.5381944444444444 0.30349794238683125 0.6153549382716049 0.30349794238683125 0.6153549382716049 0.360082304526749 0.5381944444444444 0.360082304526749
0 0.7349537037037037 0.29732510288065844 0.8043981481481481 0.29732510288065844 0.8043981481481481 0.3487654320987654 0.7349537037037037 0.3487654320987654
0 0.8553240740740741 0.28960905349794236 0.9259259259259259 0.28960905349794236 0.9259259259259259 0.3446502057613169 0.8553240740740741 0.3446502057613169
0 0.026234567901234566 0.7777777777777778 0.10146604938271606 0.7777777777777778 0.10146604938271606 0.8302469135802469 0.026234567901234566 0.8302469135802469
0 0.18441358024691357 0.7638888888888888 0.25771604938271603 0.7638888888888888 0.25771604938271603 0.8215020576131687 0.18441358024691357 0.8215020576131687
0 0.30632716049382713 0.7597736625514403 0.3800154320987654 0.7525720164609053 0.38310185185185186 0.808641975308642 0.30941358024691357 0.816358024691358
0 0.48996913580246915 0.7525720164609053 0.560570987654321 0.7525720164609053 0.560570987654321 0.801440329218107 0.48996913580246915 0.801440329218107
0 0.7264660493827161 0.7325102880658436 0.8024691358024691 0.7325102880658436 0.8024691358024691 0.7916666666666666 0.7264660493827161 0.7916666666666666
0 0.8881172839506173 0.7237654320987654 0.9699074074074074 0.7237654320987654 0.9699074074074074 0.7854938271604939 0.8881172839506173 0.7854938271604939
0 0.10725308641975309 0.8657407407407407 0.18248456790123457 0.8657407407407407 0.18248456790123457 0.9192386831275721 0.10725308641975309 0.9192386831275721
0 0.2604166666666667 0.852366255144033 0.3287037037037037 0.852366255144033 0.3287037037037037 0.9104938271604939 0.2604166666666667 0.9104938271604939
0 0.4182098765432099 0.8492798353909465 0.4957561728395062 0.8492798353909465 0.4957561728395062 0.9017489711934157 0.4182098765432099 0.9017489711934157
0 0.59375 0.8353909465020576 0.6736111111111112 0.8353909465020576 0.6736111111111112 0.8883744855967078 0.59375 0.8883744855967078
0 0.8267746913580247 0.8189300411522634 0.9012345679012346 0.8189300411522634 0.9012345679012346 0.8780864197530864 0.8267746913580247 0.8780864197530864
1 0.0 0.8693415637860082 0.03279320987654321 0.8693415637860082 0.03279320987654321 0.9223251028806584 0.0 0.9223251028806584
1 0.6107253086419753 0.00102880658436214 0.6859567901234568 0.00102880658436214 0.6859567901234568 0.044753086419753084 0.6107253086419753 0.044753086419753084
4 0.9625771604938271 0.06327160493827161 0.9915123456790124 0.08487654320987655 0.9510030864197531 0.1800411522633745 0.9220679012345679 0.15843621399176955
4 0.7137345679012346 0.03497942386831276 0.7364969135802469 0.06172839506172839 0.7118055555555556 0.09876543209876543 0.689429012345679 0.0720164609053498
4 0.4714506172839506 0.037037037037037035 0.48919753086419754 0.07716049382716049 0.4660493827160494 0.09516460905349794 0.44830246913580246 0.055041152263374485
4 0.08063271604938271 0.16563786008230452 0.11766975308641975 0.16563786008230452 0.11766975308641975 0.20679012345679013 0.08063271604938271 0.20679012345679013
4 0.47453703703703703 0.14660493827160495 0.5262345679012346 0.17335390946502058 0.5165895061728395 0.20679012345679013 0.46489197530864196 0.1800411522633745
4 0.685570987654321 0.13786008230452676 0.714891975308642 0.13786008230452676 0.714891975308642 0.17541152263374485 0.685570987654321 0.17541152263374485
4 0.6905864197530864 0.3405349794238683 0.714891975308642 0.3724279835390947 0.6929012345679012 0.4017489711934156 0.6685956790123457 0.3698559670781893
4 0.71875 0.6332304526748971 0.7488425925925926 0.6332304526748971 0.7488425925925926 0.6800411522633745 0.71875 0.6800411522633745
4 0.3966049382716049 0.7422839506172839 0.4027777777777778 0.7186213991769548 0.4783950617283951 0.7536008230452675 0.4722222222222222 0.7777777777777778
4 0.13734567901234568 0.8024691358024691 0.16628086419753085 0.7854938271604939 0.17476851851851852 0.8117283950617284 0.14583333333333334 0.8281893004115226
4 0.6508487654320988 0.6918724279835391 0.7272376543209876 0.720164609053498 0.7199074074074074 0.7556584362139918 0.6435185185185185 0.727366255144033
4 0.8356481481481481 0.6939300411522634 0.8630401234567902 0.6887860082304527 0.8676697530864198 0.7325102880658436 0.8402777777777778 0.7376543209876543
4 0.7241512345679012 0.8796296296296297 0.7982253086419753 0.9387860082304527 0.7824074074074074 0.9742798353909465 0.7083333333333334 0.9151234567901234
4 0.8175154320987654 0.0 0.8599537037037037 0.0 0.8599537037037037 0.029835390946502057 0.8175154320987654 0.029835390946502057
4 0.9193672839506173 0.020061728395061727 0.9502314814814815 0.020061728395061727 0.9502314814814815 0.06532921810699588 0.9193672839506173 0.06532921810699588
4 0.691358024691358 0.7978395061728395 0.7337962962962963 0.7978395061728395 0.7337962962962963 0.8343621399176955 0.691358024691358 0.8343621399176955
3 0.12037037037037036 0.0 0.17939814814814814 0.00102880658436214 0.17939814814814814 0.02263374485596708 0.11998456790123457 0.021604938271604937
