1 0.0 0.23713991769547324 0.02044753086419753 0.23713991769547324 0.02044753086419753 0.2762345679012346 0.0 0.2762345679012346
0 0.10725308641975309 0.23045267489711935 0.17669753086419754 0.23045267489711935 0.17669753086419754 0.27983539094650206 0.10725308641975309 0.27983539094650206
0 0.41165123456790126 0.21296296296296297 0.4853395061728395 0.21296296296296297 0.4853395061728395 0.26080246913580246 0.41165123456790126 0.26080246913580246
2 0.6566358024691358 0.20318930041152264 0.7245370370370371 0.20318930041152264 0.7245370370370371 0.25462962962962965 0.6566358024691358 0.25462962962962965
2 0.12885802469135801 0.3559670781893004 0.20023148148148148 0.3559670781893004 0.20023148148148148 0.3986625514403292 0.12885802469135801 0.3986625514403292
2 0.32098765432098764 0.338477366255144 0.3904320987654321 0.338477366255144 0.3904320987654321 0.3837448559670782 0.32098765432098764 0.3837448559670782
2 0.7029320987654321 0.3287037037037037 0.7762345679012346 0.3287037037037037 0.7762345679012346 0.3801440329218107 0.7029320987654321 0.3801440329218107
2 0.05439814814814815 0.6296296296296297 0.14467592592592593 0.6296296296296297 0.14467592592592593 0.668724279835391 0.05439814814814815 0.668724279835391
2 0.27469135802469136 0.6131687242798354 0.3584104938271605 0.6131687242798354 0.3584104938271605 0.654835390946502 0.27469135802469136 0.654835390946502
2 0.4533179012345679 0.6069958847736625 0.5297067901234568 0.6069958847736625 0.5297067901234568 0.6419753086419753 0.4533179012345679 0.6419753086419753
2 0.7403549382716049 0.5869341563786008 0.7986111111111112 0.5869341563786008 0.7986111111111112 0.6311728395061729 0.7403549382716049 0.6311728395061729
3 0.9776234567901234 0.5797325102880658 0.9996141975308642 0.5797325102880658 0.9996141975308642 0.6239711934156379 0.9776234567901234 0.6239711934156379
3 0.0 0.8292181069958847 0.06944444444444445 0.8292181069958847 0.06944444444444445 0.875 0.0 0.875
2 0.1381172839506173 0.8127572016460906 0.21450617283950618 0.8127572016460906 0.21450617283950618 0.852366255144033 0.1381172839506173 0.852366255144033
2 0.45601851851851855 0.8029835390946503 0.535108024691358 0.8029835390946503 0.535108024691358 0.8436213991769548 0.45601851851851855 0.8436213991769548
2 0.3557098765432099 0.809156378600823 0.41396604938271603 0.809156378600823 0.41396604938271603 0.8477366255144033 0.3557098765432099 0.8477366255144033
2 0.6454475308641975 0.7890946502057613 0.716820987654321 0.7890946502057613 0.716820987654321 0.8297325102880658 0.6454475308641975 0.8297325102880658
2 0.8364197530864198 0.7839506172839507 0.9116512345679012 0.7839506172839507 0.9116512345679012 0.8297325102880658 0.8364197530864198 0.8297325102880658
2 0.5597993827160493 0.9609053497942387 0.6435185185185185 0.9609053497942387 0.6435185185185185 0.9994855967078189 0.5597993827160493 0.9994855967078189
2 0.8580246913580247 0.9583333333333334 0.9440586419753086 0.9583333333333334 0.9440586419753086 0.9994855967078189 0.8580246913580247 0.9994855967078189
3 0.24537037037037038 0.9696502057613169 0.3325617283950617 0.9696502057613169 0.3325617283950617 0.9994855967078189 0.24537037037037038 0.9994855967078189
3 0.06674382716049383 0.970679012345679 0.1396604938271605 0.970679012345679 0.1396604938271605 0.9994855967078189 0.06674382716049383 0.9994855967078189
4 0.15316358024691357 0.16152263374485595 0.24266975308641975 0.18415637860082304 0.23881172839506173 0.20987654320987653 0.14930555555555555 0.1867283950617284
4 0.38271604938271603 0.14814814814814814 0.45794753086419754 0.1867283950617284 0.4525462962962963 0.20679012345679013 0.3773148148148148 0.16820987654320987
4 0.7935956790123457 0.13271604938271606 0.8680555555555556 0.15329218106995884 0.8638117283950617 0.1800411522633745 0.7893518518518519 0.15946502057613168
4 0.8757716049382716 0.16872427983539096 0.9672067901234568 0.21193415637860083 0.9614197530864198 0.23251028806584362 0.8699845679012346 0.18981481481481483
4 0.0933641975308642 0.4058641975308642 0.18209876543209877 0.4027777777777778 0.18248456790123457 0.4212962962962963 0.09375 0.42386831275720166
4 0.40007716049382713 0.38065843621399176 0.48649691358024694 0.3698559670781893 0.4876543209876543 0.3868312757201646 0.4012345679012346 0.39814814814814814
4 0.625 0.38065843621399176 0.7156635802469136 0.3559670781893004 0.7179783950617284 0.37037037037037035 0.6273148148148148 0.3950617283950617
4 0.53125 0.5761316872427984 0.6195987654320988 0.5509259259259259 0.6219135802469136 0.5653292181069959 0.5335648148148148 0.5905349794238683
4 0.16743827160493827 0.5925925925925926 0.18557098765432098 0.6059670781893004 0.13155864197530864 0.7386831275720165 0.11342592592592593 0.7253086419753086
4 0.3726851851851852 0.7566872427983539 0.45871913580246915 0.727880658436214 0.46296296296296297 0.7505144032921811 0.3765432098765432 0.7788065843621399
4 0.6508487654320988 0.6887860082304527 0.6925154320987654 0.661522633744856 0.6990740740740741 0.6784979423868313 0.6574074074074074 0.7057613168724279
4 0.8460648148148148 0.7309670781893004 0.8719135802469136 0.7175925925925926 0.8823302469135802 0.7541152263374485 0.8564814814814815 0.7669753086419753
4 0.1732253086419753 0.9362139917695473 0.2611882716049383 0.9099794238683128 0.26774691358024694 0.9495884773662552 0.17978395061728394 0.9758230452674898
4 0.44483024691358025 0.9259259259259259 0.5239197530864198 0.8945473251028807 0.5339506172839507 0.9393004115226338 0.4548611111111111 0.9711934156378601
4 0.8094135802469136 0.9202674897119342 0.8989197530864198 0.9058641975308642 0.902391975308642 0.940843621399177 0.8128858024691358 0.9552469135802469
3 0.9695216049382716 0.3549382716049383 0.9996141975308642 0.3549382716049383 0.9996141975308642 0.4002057613168724 0.9695216049382716 0.4002057613168724
