2 0.3001543209876543 0.07407407407407407 0.3715277777777778 0.07407407407407407 0.3715277777777778 0.11522633744855967 0.3001543209876543 0.11522633744855967
2 0.7214506172839507 0.06893004115226338 0.7920524691358025 0.06893004115226338 0.7920524691358025 0.12139917695473251 0.7214506172839507 0.12139917695473251
0 0.004629629629629629 0.3698559670781893 0.0779320987654321 0.3698559670781893 0.0779320987654321 0.42386831275720166 0.004629629629629629 0.42386831275720166
0 0.3028549382716049 0.36882716049382713 0.3722993827160494 0.36882716049382713 0.3722993827160494 0.4176954732510288 0.3028549382716049 0.4176954732510288
0 0.5335648148148148 0.3698559670781893 0.6076388888888888 0.3698559670781893 0.6076388888888888 0.41872427983539096 0.5335648148148148 0.41872427983539096
0 0.7619598765432098 0.3837448559670782 0.8287037037037037 0.3837448559670782 0.8287037037037037 0.42746913580246915 0.7619598765432098 0.42746913580246915
3 0.9444444444444444 0.4002057613168724 1.0 0.4002057613168724 1.0 0.44907407407407407 0.9444444444444444 0.44907407407407407
0 0.2199074074074074 0.5869341563786008 0.2935956790123457 0.5869341563786008 0.2935956790123457 0.6409465020576132 0.2199074074074074 0.6409465020576132
0 0.7449845679012346 0.5972222222222222 0.8271604938271605 0.5972222222222222 0.8271604938271605 0.6496913580246914 0.7449845679012346 0.6496913580246914
0 0.44290123456790126 0.8770576131687243 0.5127314814814815 0.8770576131687243 0.5127314814814815 0.926954732510288 0.44290123456790126 0.926954732510288
3 0.9313271604938271 0.9058641975308642 1.0 0.9058641975308642 1.0 0.9552469135802469 0.9313271604938271 0.9552469135802469
4 0.0779320987654321 0.11779835390946503 0.11188271604938271 0.11779835390946503 0.11188271604938271 0.16049382716049382 0.0779320987654321 0.16049382716049382
4 0.48032407407407407 0.1383744855967078 0.5192901234567902 0.07098765432098765 0.5370370370370371 0.0889917695473251 0.498070987654321 0.15689300411522633
4 0.8560956790123457 0.12962962962962962 0.8842592592592593 0.12962962962962962 0.8842592592592593 0.17078189300411523 0.8560956790123457 0.17078189300411523
4 0.871141975308642 0.3148148148148148 0.9564043209876543 0.20679012345679013 0.9699074074074074 0.22582304526748972 0.8846450617283951 0.3338477366255144
4 0.4845679012345679 0.29835390946502055 0.5165895061728395 0.29835390946502055 0.5165895061728395 0.3333333333333333 0.4845679012345679 0.3333333333333333
4 0.435570987654321 0.6486625514403292 0.4637345679012346 0.6486625514403292 0.4637345679012346 0.6846707818930041 0.435570987654321 0.6846707818930041
4 0.6651234567901234 0.6496913580246914 0.6929012345679012 0.6486625514403292 0.6932870370370371 0.6820987654320988 0.6655092592592593 0.6826131687242798
4 0.8807870370370371 0.6584362139917695 0.9108796296296297 0.6584362139917695 0.9108796296296297 0.698559670781893 0.8807870370370371 0.698559670781893
4 0.7233796296296297 0.8564814814814815 0.7932098765432098 0.8472222222222222 0.7955246913580247 0.8729423868312757 0.7256944444444444 0.8827160493827161
4 0.37808641975308643 0.8539094650205762 0.44405864197530864 0.8590534979423868 0.44290123456790126 0.8837448559670782 0.376929012345679 0.8780864197530864
4 0.9278549382716049 0.8683127572016461 0.966820987654321 0.8883744855967078 0.9587191358024691 0.9166666666666666 0.9197530864197531 0.8960905349794238
4 0.061342592592592594 0.6558641975308642 0.13078703703703703 0.6558641975308642 0.13078703703703703 0.6784979423868313 0.061342592592592594 0.6784979423868313
4 0.7507716049382716 0.33487654320987653 0.8337191358024691 0.3287037037037037 0.8352623456790124 0.3595679012345679 0.751929012345679 0.36522633744855965
