2 0.009259259259259259 0.04989711934156379 0.08256172839506173 0.04989711934156379 0.08256172839506173 0.0874485596707819 0.009259259259259259 0.0874485596707819
2 0.13734567901234568 0.038580246913580245 0.2152777777777778 0.038580246913580245 0.2152777777777778 0.08076131687242798 0.13734567901234568 0.08076131687242798
2 0.27469135802469136 0.03755144032921811 0.35185185185185186 0.03755144032921811 0.35185185185185186 0.08127572016460906 0.27469135802469136 0.08127572016460906
2 0.49382716049382713 0.0360082304526749 0.5594135802469136 0.0360082304526749 0.5594135802469136 0.08076131687242798 0.49382716049382713 0.08076131687242798
2 0.7337962962962963 0.038580246913580245 0.8101851851851852 0.038580246913580245 0.8101851851851852 0.08539094650205761 0.7337962962962963 0.08539094650205761
2 0.9089506172839507 0.04218106995884774 0.9718364197530864 0.04218106995884774 0.9718364197530864 0.08693415637860083 0.9089506172839507 0.08693415637860083
1 0.0 0.3359053497942387 0.02044753086419753 0.3359053497942387 0.02044753086419753 0.37294238683127573 0.0 0.37294238683127573
0 0.10146604938271606 0.3287037037037037 0.17939814814814814 0.3287037037037037 0.17939814814814814 0.3713991769547325 0.10146604938271606 0.3713991769547325
0 0.25578703703703703 0.32613168724279834 0.3256172839506173 0.32613168724279834 0.3256172839506173 0.3647119341563786 0.25578703703703703 0.3647119341563786
0 0.40162037037037035 0.3297325102880658 0.47415123456790126 0.3297325102880658 0.47415123456790126 0.36882716049382713 0.40162037037037035 0.36882716049382713
0 0.5520833333333334 0.3287037037037037 0.6246141975308642 0.3287037037037037 0.6246141975308642 0.3698559670781893 0.5520833333333334 0.3698559670781893
0 0.689429012345679 0.3287037037037037 0.7581018518518519 0.3287037037037037 0.7581018518518519 0.3713991769547325 0.689429012345679 0.3713991769547325
2 0.8560956790123457 0.32613168724279834 0.9266975308641975 0.32613168724279834 0.9266975308641975 0.3724279835390947 0.8560956790123457 0.3724279835390947
2 0.19483024691358025 0.51440329218107 0.2623456790123457 0.51440329218107 0.2623456790123457 0.5581275720164609 0.19483024691358025 0.5581275720164609
2 0.404320987654321 0.5154320987654321 0.47608024691358025 0.5154320987654321 0.47608024691358025 0.5570987654320988 0.404320987654321 0.5570987654320988
2 0.5964506172839507 0.5154320987654321 0.6604938271604939 0.5154320987654321 0.6604938271604939 0.5581275720164609 0.5964506172839507 0.5581275720164609
2 0.7195216049382716 0.5154320987654321 0.7932098765432098 0.5154320987654321 0.7932098765432098 0.5606995884773662 0.7195216049382716 0.5606995884773662
2 0.8703703703703703 0.5180041152263375 0.9398148148148148 0.5180041152263375 0.9398148148148148 0.5606995884773662 0.8703703703703703 0.5606995884773662
3 0.0 0.8492798353909465 0.04205246913580247 0.8492798353909465 0.04205246913580247 0.8919753086419753 0.0 0.8919753086419753
2 0.08719135802469136 0.845679012345679 0.15625 0.845679012345679 0.15625 0.8868312757201646 0.08719135802469136 0.8868312757201646
0 0.21450617283950618 0.8431069958847737 0.28510802469135804 0.8431069958847737 0.28510802469135804 0.8883744855967078 0.21450617283950618 0.8883744855967078
0 0.3244598765432099 0.845679012345679 0.3950617283950617 0.845679012345679 0.3950617283950617 0.8904320987654321 0.3244598765432099 0.8904320987654321
0 0.45987654320987653 0.8477366255144033 0.5285493827160493 0.8477366255144033 0.5285493827160493 0.8955761316872428 0.45987654320987653 0.8955761316872428
0 0.6631944444444444 0.8477366255144033 0.7330246913580247 0.8477366255144033 0.7330246913580247 0.897119341563786 0.6631944444444444 0.897119341563786
2 0.873070987654321 0.8590534979423868 0.9417438271604939 0.8590534979423868 0.9417438271604939 0.8981481481481481 0.873070987654321 0.8981481481481481
4 0.9047067901234568 0.2242798353909465 0.9884259259259259 0.17952674897119342 0.9992283950617284 0.21604938271604937 0.9155092592592593 0.2602880658436214
4 0.5270061728395061 0.15895061728395063 0.5524691358024691 0.2006172839506173 0.5050154320987654 0.2515432098765432 0.4799382716049383 0.20987654320987653
4 0.024305555555555556 0.24948559670781892 0.048996913580246916 0.2227366255144033 0.0798611111111111 0.2736625514403292 0.055169753086419755 0.3004115226337449
4 0.6817129629629629 0.7525720164609053 0.7588734567901234 0.7525720164609053 0.7588734567901234 0.7885802469135802 0.6817129629629629 0.7885802469135802
