2 0.07600308641975309 0.05606995884773663 0.12924382716049382 0.05606995884773663 0.12924382716049382 0.09722222222222222 0.07600308641975309 0.09722222222222222
2 0.20871913580246915 0.061213991769547324 0.27469135802469136 0.061213991769547324 0.27469135802469136 0.10648148148148148 0.20871913580246915 0.10648148148148148
2 0.40162037037037035 0.06995884773662552 0.4664351851851852 0.06995884773662552 0.4664351851851852 0.11676954732510288 0.40162037037037035 0.11676954732510288
2 0.5756172839506173 0.07767489711934156 0.6435185185185185 0.07767489711934156 0.6435185185185185 0.12294238683127572 0.5756172839506173 0.12294238683127572
2 0.75 0.0889917695473251 0.8167438271604939 0.0889917695473251 0.8167438271604939 0.12757201646090535 0.75 0.12757201646090535
2 0.8966049382716049 0.08281893004115226 0.9691358024691358 0.08281893004115226 0.9691358024691358 0.12294238683127572 0.8966049382716049 0.12294238683127572
0 0.09490740740740741 0.29218106995884774 0.16165123456790123 0.29218106995884774 0.16165123456790123 0.3359053497942387 0.09490740740740741 0.3359053497942387
0 0.2341820987654321 0.30092592592592593 0.2962962962962963 0.30092592592592593 0.2962962962962963 0.3523662551440329 0.2341820987654321 0.3523662551440329
2 0.3942901234567901 0.30864197530864196 0.46296296296296297 0.30864197530864196 0.46296296296296297 0.3533950617283951 0.3942901234567901 0.3533950617283951
2 0.6010802469135802 0.3132716049382716 0.6689814814814815 0.3132716049382716 0.6689814814814815 0.3533950617283951 0.6010802469135802 0.3533950617283951
0 0.7507716049382716 0.3148148148148148 0.8125 0.3148148148148148 0.8125 0.35905349794238683 0.7507716049382716 0.35905349794238683
0 0.8973765432098766 0.3148148148148148 0.9614197530864198 0.3148148148148148 0.9614197530864198 0.3549382716049383 0.8973765432098766 0.3549382716049383
0 0.08912037037037036 0.6697530864197531 0.15316358024691357 0.6697530864197531 0.15316358024691357 0.7124485596707819 0.08912037037037036 0.7124485596707819
0 0.22106481481481483 0.6759259259259259 0.28665123456790126 0.6820987654320988 0.28433641975308643 0.7253086419753086 0.21875 0.7191358024691358
0 0.35185185185185186 0.683641975308642 0.41396604938271603 0.683641975308642 0.41396604938271603 0.7361111111111112 0.35185185185185186 0.7361111111111112
0 0.591820987654321 0.698559670781893 0.6558641975308642 0.698559670781893 0.6558641975308642 0.7438271604938271 0.591820987654321 0.7438271604938271
0 0.8221450617283951 0.698559670781893 0.8892746913580247 0.698559670781893 0.8892746913580247 0.7448559670781894 0.8221450617283951 0.7448559670781894
2 0.003472222222222222 0.8569958847736625 0.06712962962962964 0.8662551440329218 0.06365740740740741 0.9110082304526749 0.0 0.9022633744855967
2 0.25771604938271603 0.8780864197530864 0.3256172839506173 0.8780864197530864 0.3256172839506173 0.926954732510288 0.25771604938271603 0.926954732510288
0 0.4664351851851852 0.88940329218107 0.5297067901234568 0.88940329218107 0.5297067901234568 0.9418724279835391 0.4664351851851852 0.9418724279835391
0 0.6311728395061729 0.8955761316872428 0.6990740740740741 0.8955761316872428 0.6990740740740741 0.9459876543209876 0.6311728395061729 0.9459876543209876
2 0.8892746913580247 0.8991769547325102 0.9548611111111112 0.8991769547325102 0.9548611111111112 0.948559670781893 0.8892746913580247 0.948559670781893
4 0.38310185185185186 0.522633744855967 0.5709876543209876 0.5344650205761317 0.5698302469135802 0.559156378600823 0.38233024691358025 0.5478395061728395
4 0.38773148148148145 0.4243827160493827 0.5366512345679012 0.44598765432098764 0.5347222222222222 0.4696502057613169 0.38580246913580246 0.44753086419753085
4 0.14930555555555555 0.7731481481481481 0.32407407407407407 0.7397119341563786 0.3279320987654321 0.7752057613168725 0.15316358024691357 0.809156378600823
4 0.6979166666666666 0.7947530864197531 0.8985339506172839 0.7582304526748971 0.902391975308642 0.7926954732510288 0.7017746913580247 0.8292181069958847
0 0.9220679012345679 0.49434156378600824 0.9888117283950617 0.49434156378600824 0.9888117283950617 0.5390946502057613 0.9220679012345679 0.5390946502057613
4 0.15432098765432098 0.4002057613168724 0.2800925925925926 0.4002057613168724 0.2800925925925926 0.44238683127572015 0.15432098765432098 0.44238683127572015
4 0.5717592592592593 0.42489711934156377 0.6705246913580247 0.42489711934156377 0.6705246913580247 0.4573045267489712 0.5717592592592593 0.4573045267489712
4 0.18557098765432098 0.6424897119341564 0.2681327160493827 0.6748971193415638 0.2604166666666667 0.7083333333333334 0.17824074074074073 0.6759259259259259
4 0.0015432098765432098 0.4737654320987654 0.06790123456790123 0.43004115226337447 0.07561728395061729 0.45113168724279834 0.009259259259259259 0.4948559670781893
4 0.05246913580246913 0.36728395061728397 0.14969135802469136 0.30709876543209874 0.15933641975308643 0.33539094650205764 0.062114197530864196 0.39609053497942387
4 0.37962962962962965 0.9243827160493827 0.4479166666666667 0.9243827160493827 0.4479166666666667 0.9583333333333334 0.37962962962962965 0.9583333333333334
4 0.2326388888888889 0.5005144032921811 0.3074845679012346 0.5185185185185185 0.3020833333333333 0.559156378600823 0.22723765432098766 0.5411522633744856
4 0.7932098765432098 0.4228395061728395 0.908179012345679 0.43878600823045266 0.9054783950617284 0.47530864197530864 0.7905092592592593 0.4593621399176955
4 0.5223765432098766 0.28497942386831276 0.6184413580246914 0.30606995884773663 0.6134259259259259 0.34670781893004116 0.5173611111111112 0.3256172839506173
4 0.31712962962962965 0.27314814814814814 0.4185956790123457 0.3287037037037037 0.4074074074074074 0.3647119341563786 0.30594135802469136 0.30915637860082307
4 0.6956018518518519 0.27829218106995884 0.7770061728395061 0.323559670781893 0.7650462962962963 0.3611111111111111 0.683641975308642 0.31584362139917693
4 0.6253858024691358 0.5241769547325102 0.7341820987654321 0.47530864197530864 0.7434413580246914 0.5133744855967078 0.6350308641975309 0.5617283950617284
4 0.4675925925925926 0.7253086419753086 0.5285493827160493 0.7361111111111112 0.5254629629629629 0.7690329218106996 0.46412037037037035 0.7582304526748971
4 0.5474537037037037 0.6661522633744856 0.6238425925925926 0.6661522633744856 0.6238425925925926 0.7001028806584362 0.5474537037037037 0.7001028806584362
4 0.43016975308641975 0.6630658436213992 0.46296296296296297 0.6630658436213992 0.46296296296296297 0.698045267489712 0.43016975308641975 0.698045267489712
4 0.015046296296296295 0.6419753086419753 0.07021604938271606 0.6419753086419753 0.07021604938271606 0.6707818930041153 0.015046296296296295 0.6707818930041153
4 0.8429783950617284 0.5349794238683128 0.9143518518518519 0.5133744855967078 0.9189814814814815 0.5406378600823045 0.847608024691358 0.5617283950617284
4 0.7407407407407407 0.6733539094650206 0.7669753086419753 0.6733539094650206 0.7669753086419753 0.7067901234567902 0.7407407407407407 0.7067901234567902
4 0.9417438271604939 0.742798353909465 0.9945987654320988 0.742798353909465 0.9945987654320988 0.7782921810699589 0.9417438271604939 0.7782921810699589
4 0.22299382716049382 0.9084362139917695 0.24845679012345678 0.9084362139917695 0.24845679012345678 0.9475308641975309 0.22299382716049382 0.9475308641975309
4 0.5702160493827161 0.9331275720164609 0.6138117283950617 0.9156378600823045 0.6207561728395061 0.9459876543209876 0.5771604938271605 0.963477366255144
4 0.7430555555555556 0.9377572016460906 0.7951388888888888 0.9151234567901234 0.8028549382716049 0.9475308641975309 0.7511574074074074 0.970164609053498
4 0.41087962962962965 0.7916666666666666 0.4618055555555556 0.7916666666666666 0.4618055555555556 0.831275720164609 0.41087962962962965 0.831275720164609
4 0.8468364197530864 0.9305555555555556 0.8958333333333334 0.9305555555555556 0.8958333333333334 0.9660493827160493 0.8468364197530864 0.9660493827160493
4 0.7357253086419753 0.7350823045267489 0.7581018518518519 0.7350823045267489 0.7581018518518519 0.7690329218106996 0.7357253086419753 0.7690329218106996
4 0.17824074074074073 0.4691358024691358 0.2052469135802469 0.4691358024691358 0.2052469135802469 0.5046296296296297 0.17824074074074073 0.5046296296296297
4 0.07060185185185185 0.5005144032921811 0.12885802469135801 0.5005144032921811 0.12885802469135801 0.5303497942386831 0.07060185185185185 0.5303497942386831
4 0.8973765432098766 0.26080246913580246 0.9104938271604939 0.28600823045267487 0.8703703703703703 0.32253086419753085 0.8576388888888888 0.2978395061728395
4 0.8722993827160493 0.4038065843621399 0.9587191358024691 0.37191358024691357 0.9645061728395061 0.4012345679012346 0.8780864197530864 0.43261316872427985
4 0.08680555555555555 0.9104938271604939 0.11226851851851852 0.8996913580246914 0.12037037037037036 0.934156378600823 0.09529320987654322 0.9449588477366255
4 0.010030864197530864 0.2602880658436214 0.03279320987654321 0.2602880658436214 0.03279320987654321 0.2952674897119342 0.010030864197530864 0.2952674897119342
4 0.2029320987654321 0.2623456790123457 0.2199074074074074 0.29372427983539096 0.19984567901234568 0.3132716049382716 0.18287037037037038 0.2813786008230453
4 0.16512345679012347 0.09773662551440329 0.26273148148148145 0.12242798353909465 0.25733024691358025 0.15946502057613168 0.1597222222222222 0.13477366255144033
4 0.5455246913580247 0.12191358024691358 0.6570216049382716 0.14248971193415638 0.6535493827160493 0.17592592592592593 0.5420524691358025 0.15534979423868311
4 0.8560956790123457 0.12551440329218108 0.941358024691358 0.13580246913580246 0.9390432098765432 0.169238683127572 0.8541666666666666 0.15895061728395063
4 0.6921296296296297 0.1388888888888889 0.7114197530864198 0.12139917695473251 0.7283950617283951 0.15432098765432098 0.7094907407407407 0.17181069958847736
4 0.37114197530864196 0.1388888888888889 0.38233024691358025 0.1095679012345679 0.41280864197530864 0.1301440329218107 0.40162037037037035 0.15946502057613168
4 0.04282407407407408 0.09259259259259259 0.1087962962962963 0.12757201646090535 0.09837962962962964 0.16255144032921812 0.032407407407407406 0.12808641975308643
3 0.0 0.050411522633744855 0.023919753086419752 0.050411522633744855 0.023919753086419752 0.09053497942386832 0.0 0.09053497942386832
