1 0.0 0.018518518518518517 0.0470679012345679 0.018518518518518517 0.0470679012345679 0.07304526748971193 0.0 0.07304526748971193
0 0.08371913580246913 0.01594650205761317 0.1550925925925926 0.01594650205761317 0.1550925925925926 0.06995884773662552 0.08371913580246913 0.06995884773662552
0 0.2021604938271605 0.012345679012345678 0.27276234567901236 0.012345679012345678 0.27276234567901236 0.06893004115226338 0.2021604938271605 0.06893004115226338
0 0.41203703703703703 0.023662551440329218 0.48996913580246915 0.023662551440329218 0.48996913580246915 0.07767489711934156 0.41203703703703703 0.07767489711934156
0 0.5794753086419753 0.023662551440329218 0.6558641975308642 0.023662551440329218 0.6558641975308642 0.08281893004115226 0.5794753086419753 0.08281893004115226
0 0.7430555555555556 0.024691358024691357 0.8175154320987654 0.024691358024691357 0.8175154320987654 0.08281893004115226 0.7430555555555556 0.08281893004115226
0 0.8908179012345679 0.026234567901234566 0.9652777777777778 0.026234567901234566 0.9652777777777778 0.08384773662551441 0.8908179012345679 0.08384773662551441
0 0.0628858024691358 0.19547325102880658 0.13618827160493827 0.19547325102880658 0.13618827160493827 0.25308641975308643 0.0628858024691358 0.25308641975308643
0 0.2943672839506173 0.19444444444444445 0.3707561728395062 0.19444444444444445 0.3707561728395062 0.25308641975308643 0.2943672839506173 0.25308641975308643
0 0.45717592592592593 0.20679012345679013 0.5320216049382716 0.20679012345679013 0.5320216049382716 0.2654320987654321 0.45717592592592593 0.2654320987654321
2 0.6743827160493827 0.21450617283950618 0.7554012345679012 0.21450617283950618 0.7554012345679012 0.2757201646090535 0.6743827160493827 0.2757201646090535
2 0.8722993827160493 0.21707818930041153 0.9548611111111112 0.21707818930041153 0.9548611111111112 0.27469135802469136 0.8722993827160493 0.27469135802469136
0 0.017746913580246913 0.3287037037037037 0.0941358024691358 0.3287037037037037 0.0941358024691358 0.38477366255144035 0.017746913580246913 0.38477366255144035
0 0.16280864197530864 0.3245884773662551 0.2341820987654321 0.3245884773662551 0.2341820987654321 0.3786008230452675 0.16280864197530864 0.3786008230452675
0 0.3020833333333333 0.3245884773662551 0.36959876543209874 0.3245884773662551 0.36959876543209874 0.38117283950617287 0.3020833333333333 0.38117283950617287
2 0.41203703703703703 0.3297325102880658 0.4807098765432099 0.3297325102880658 0.4807098765432099 0.389917695473251 0.41203703703703703 0.389917695473251
2 0.5304783950617284 0.3323045267489712 0.6003086419753086 0.3323045267489712 0.6003086419753086 0.38477366255144035 0.5304783950617284 0.38477366255144035
2 0.6793981481481481 0.3184156378600823 0.7685185185185185 0.3184156378600823 0.7685185185185185 0.38117283950617287 0.6793981481481481 0.38117283950617287
2 0.8221450617283951 0.32253086419753085 0.904320987654321 0.32253086419753085 0.904320987654321 0.3816872427983539 0.8221450617283951 0.3816872427983539
3 0.9672067901234568 0.3271604938271605 1.0 0.3271604938271605 1.0 0.37191358024691357 0.9672067901234568 0.37191358024691357
0 0.038580246913580245 0.7047325102880658 0.11458333333333333 0.7047325102880658 0.11458333333333333 0.7638888888888888 0.038580246913580245 0.7638888888888888
0 0.16743827160493827 0.7098765432098766 0.24266975308641975 0.7098765432098766 0.24266975308641975 0.7690329218106996 0.16743827160493827 0.7690329218106996
0 0.3236882716049383 0.706275720164609 0.39969135802469136 0.706275720164609 0.39969135802469136 0.7674897119341564 0.3236882716049383 0.7674897119341564
0 0.5389660493827161 0.7150205761316872 0.6141975308641975 0.7150205761316872 0.6141975308641975 0.7741769547325102 0.5389660493827161 0.7741769547325102
2 0.6801697530864198 0.7160493827160493 0.7573302469135802 0.7160493827160493 0.7573302469135802 0.7700617283950617 0.6801697530864198 0.7700617283950617
2 0.8429783950617284 0.7150205761316872 0.9220679012345679 0.7150205761316872 0.9220679012345679 0.7741769547325102 0.8429783950617284 0.7741769547325102
3 0.0 0.8467078189300411 0.04398148148148148 0.8467078189300411 0.04398148148148148 0.9074074074074074 0.0 0.9074074074074074
0 0.11226851851851852 0.8467078189300411 0.18981481481481483 0.8467078189300411 0.18981481481481483 0.9053497942386831 0.11226851851851852 0.9053497942386831
0 0.27353395061728397 0.8492798353909465 0.3433641975308642 0.8492798353909465 0.3433641975308642 0.9058641975308642 0.27353395061728397 0.9058641975308642
0 0.41782407407407407 0.8580246913580247 0.49189814814814814 0.8580246913580247 0.49189814814814814 0.9094650205761317 0.41782407407407407 0.9094650205761317
0 0.5513117283950617 0.86059670781893 0.6292438271604939 0.86059670781893 0.6292438271604939 0.9120370370370371 0.5513117283950617 0.9120370370370371
2 0.7017746913580247 0.8569958847736625 0.7723765432098766 0.8569958847736625 0.7723765432098766 0.9130658436213992 0.7017746913580247 0.9130658436213992
2 0.8260030864197531 0.8554526748971193 0.904320987654321 0.8554526748971193 0.904320987654321 0.9156378600823045 0.8260030864197531 0.9156378600823045
