2 0.1091820987654321 0.13786008230452676 0.17862654320987653 0.13786008230452676 0.17862654320987653 0.18930041152263374 0.1091820987654321 0.18930041152263374
2 0.23881172839506173 0.14146090534979425 0.3132716049382716 0.14146090534979425 0.3132716049382716 0.18930041152263374 0.23881172839506173 0.18930041152263374
2 0.38503086419753085 0.14146090534979425 0.4591049382716049 0.14146090534979425 0.4591049382716049 0.19547325102880658 0.38503086419753085 0.19547325102880658
2 0.5324074074074074 0.1440329218106996 0.6068672839506173 0.1440329218106996 0.6068672839506173 0.19290123456790123 0.5324074074074074 0.19290123456790123
2 0.6782407407407407 0.1368312757201646 0.7592592592592593 0.1368312757201646 0.7592592592592593 0.1867283950617284 0.6782407407407407 0.1867283950617284
2 0.8429783950617284 0.1352880658436214 0.9174382716049383 0.1352880658436214 0.9174382716049383 0.18930041152263374 0.8429783950617284 0.18930041152263374
0 0.09297839506172839 0.3425925925925926 0.17476851851851852 0.3425925925925926 0.17476851851851852 0.389917695473251 0.09297839506172839 0.389917695473251
0 0.22839506172839505 0.3436213991769547 0.3074845679012346 0.3436213991769547 0.3074845679012346 0.3873456790123457 0.22839506172839505 0.3873456790123457
0 0.42901234567901236 0.3374485596707819 0.5127314814814815 0.3374485596707819 0.5127314814814815 0.3863168724279835 0.42901234567901236 0.3863168724279835
2 0.595679012345679 0.3374485596707819 0.6736111111111112 0.3374485596707819 0.6736111111111112 0.3873456790123457 0.595679012345679 0.3873456790123457
2 0.7696759259259259 0.3410493827160494 0.8487654320987654 0.3410493827160494 0.8487654320987654 0.3863168724279835 0.7696759259259259 0.3863168724279835
2 0.9266975308641975 0.3359053497942387 0.9965277777777778 0.3359053497942387 0.9965277777777778 0.3873456790123457 0.9266975308641975 0.3873456790123457
0 0.0073302469135802465 0.7047325102880658 0.07908950617283951 0.7047325102880658 0.07908950617283951 0.7577160493827161 0.0073302469135802465 0.7577160493827161
0 0.12114197530864197 0.7098765432098766 0.19367283950617284 0.7098765432098766 0.19367283950617284 0.7602880658436214 0.12114197530864197 0.7602880658436214
0 0.2604166666666667 0.7150205761316872 0.3256172839506173 0.7150205761316872 0.3256172839506173 0.7649176954732511 0.2604166666666667 0.7649176954732511
0 0.36882716049382713 0.7160493827160493 0.44367283950617287 0.7160493827160493 0.44367283950617287 0.76440329218107 0.36882716049382713 0.76440329218107
0 0.5173611111111112 0.7211934156378601 0.5906635802469136 0.7211934156378601 0.5906635802469136 0.7700617283950617 0.5173611111111112 0.7700617283950617
0 0.6593364197530864 0.7247942386831275 0.7299382716049383 0.7247942386831275 0.7299382716049383 0.7762345679012346 0.6593364197530864 0.7762345679012346
0 0.8121141975308642 0.7263374485596708 0.8900462962962963 0.7263374485596708 0.8900462962962963 0.7762345679012346 0.8121141975308642 0.7762345679012346
2 0.015817901234567902 0.8981481481481481 0.08834876543209877 0.8981481481481481 0.08834876543209877 0.9459876543209876 0.015817901234567902 0.9459876543209876
0 0.16743827160493827 0.8991769547325102 0.24845679012345678 0.8991769547325102 0.24845679012345678 0.9495884773662552 0.16743827160493827 0.9495884773662552
0 0.38850308641975306 0.9058641975308642 0.46566358024691357 0.9058641975308642 0.46566358024691357 0.9531893004115226 0.38850308641975306 0.9531893004115226
0 0.6049382716049383 0.9130658436213992 0.6840277777777778 0.9130658436213992 0.6840277777777778 0.963477366255144 0.6049382716049383 0.963477366255144
2 0.7770061728395061 0.9130658436213992 0.8607253086419753 0.9130658436213992 0.8607253086419753 0.9686213991769548 0.7770061728395061 0.9686213991769548
4 0.8915895061728395 0.9387860082304527 0.9155092592592593 0.9140946502057613 0.9452160493827161 0.9660493827160493 0.9212962962962963 0.9902263374485597
4 0.5787037037037037 0.44135802469135804 0.6087962962962963 0.42386831275720166 0.6277006172839507 0.4809670781893004 0.597608024691358 0.4984567901234568
4 0.777391975308642 0.4012345679012346 0.8024691358024691 0.4012345679012346 0.8024691358024691 0.4346707818930041 0.777391975308642 0.4346707818930041
4 0.1087962962962963 0.4166666666666667 0.13734567901234568 0.4166666666666667 0.13734567901234568 0.455761316872428 0.1087962962962963 0.455761316872428
4 0.029320987654320986 0.37088477366255146 0.05632716049382716 0.37088477366255146 0.05632716049382716 0.411522633744856 0.029320987654320986 0.411522633744856
4 0.5810185185185185 0.8585390946502057 0.625 0.8708847736625515 0.6064814814814815 0.9881687242798354 0.5621141975308642 0.9753086419753086
