2 0.02507716049382716 0.08281893004115226 0.08564814814814815 0.08281893004115226 0.08564814814814815 0.12757201646090535 0.02507716049382716 0.12757201646090535
0 0.13078703703703703 0.08539094650205761 0.1878858024691358 0.08539094650205761 0.1878858024691358 0.13425925925925927 0.13078703703703703 0.13425925925925927
0 0.2361111111111111 0.09156378600823045 0.3020833333333333 0.09156378600823045 0.3020833333333333 0.14146090534979425 0.2361111111111111 0.14146090534979425
0 0.34915123456790126 0.09156378600823045 0.41473765432098764 0.09156378600823045 0.41473765432098764 0.1455761316872428 0.34915123456790126 0.1455761316872428
0 0.4675925925925926 0.09516460905349794 0.5304783950617284 0.09516460905349794 0.5304783950617284 0.1455761316872428 0.4675925925925926 0.1455761316872428
0 0.5841049382716049 0.09619341563786009 0.6500771604938271 0.09619341563786009 0.6500771604938271 0.14300411522633744 0.5841049382716049 0.14300411522633744
0 0.71875 0.09156378600823045 0.7762345679012346 0.09156378600823045 0.7762345679012346 0.1368312757201646 0.71875 0.1368312757201646
0 0.8279320987654321 0.08641975308641975 0.8900462962962963 0.08641975308641975 0.8900462962962963 0.1368312757201646 0.8279320987654321 0.1368312757201646
0 0.9243827160493827 0.08693415637860083 0.9872685185185185 0.08076131687242798 0.9899691358024691 0.12962962962962962 0.9270833333333334 0.13580246913580246
0 0.06365740740740741 0.3019547325102881 0.12692901234567902 0.3019547325102881 0.12692901234567902 0.3487654320987654 0.06365740740740741 0.3487654320987654
0 0.18132716049382716 0.3148148148148148 0.24537037037037038 0.3148148148148148 0.24537037037037038 0.3549382716049383 0.18132716049382716 0.3549382716049383
0 0.30516975308641975 0.3168724279835391 0.36574074074074076 0.3245884773662551 0.3626543209876543 0.3662551440329218 0.3020833333333333 0.3585390946502058
0 0.40933641975308643 0.32253086419753085 0.47608024691358025 0.32253086419753085 0.47608024691358025 0.3662551440329218 0.40933641975308643 0.3662551440329218
0 0.5219907407407407 0.323559670781893 0.5787037037037037 0.323559670781893 0.5787037037037037 0.3647119341563786 0.5219907407407407 0.3647119341563786
0 0.6161265432098766 0.32098765432098764 0.6782407407407407 0.32098765432098764 0.6782407407407407 0.3647119341563786 0.6161265432098766 0.3647119341563786
0 0.7264660493827161 0.3245884773662551 0.7959104938271605 0.3245884773662551 0.7959104938271605 0.3662551440329218 0.7264660493827161 0.3662551440329218
0 0.8715277777777778 0.32098765432098764 0.9378858024691358 0.32098765432098764 0.9378858024691358 0.3636831275720165 0.8715277777777778 0.3636831275720165
0 0.14390432098765432 0.463477366255144 0.19868827160493827 0.463477366255144 0.19868827160493827 0.5015432098765432 0.14390432098765432 0.5015432098765432
0 0.28510802469135804 0.46656378600823045 0.3452932098765432 0.46656378600823045 0.3452932098765432 0.5066872427983539 0.28510802469135804 0.5066872427983539
0 0.41087962962962965 0.47170781893004116 0.4826388888888889 0.47170781893004116 0.4826388888888889 0.5092592592592593 0.41087962962962965 0.5092592592592593
0 0.5702160493827161 0.4799382716049383 0.6319444444444444 0.4799382716049383 0.6319444444444444 0.5216049382716049 0.5702160493827161 0.5216049382716049
0 0.6878858024691358 0.47170781893004116 0.746141975308642 0.47170781893004116 0.746141975308642 0.5190329218106996 0.6878858024691358 0.5190329218106996
2 0.8005401234567902 0.47170781893004116 0.8580246913580247 0.47170781893004116 0.8580246913580247 0.51440329218107 0.8005401234567902 0.51440329218107
3 0.9567901234567902 0.47685185185185186 0.9992283950617284 0.47685185185185186 0.9992283950617284 0.5205761316872428 0.9567901234567902 0.5205761316872428
2 0.009259259259259259 0.6399176954732511 0.07523148148148148 0.6399176954732511 0.07523148148148148 0.6887860082304527 0.009259259259259259 0.6887860082304527
2 0.13078703703703703 0.6373456790123457 0.1863425925925926 0.6373456790123457 0.1863425925925926 0.683641975308642 0.13078703703703703 0.683641975308642
0 0.2507716049382716 0.6435185185185185 0.30941358024691357 0.6435185185185185 0.30941358024691357 0.6872427983539094 0.2507716049382716 0.6872427983539094
0 0.36072530864197533 0.6502057613168725 0.4236111111111111 0.6538065843621399 0.4220679012345679 0.698045267489712 0.3591820987654321 0.6944444444444444
0 0.47608024691358025 0.6692386831275721 0.5343364197530864 0.6692386831275721 0.5343364197530864 0.7057613168724279 0.47608024691358025 0.7057613168724279
0 0.5802469135802469 0.6712962962962963 0.6388888888888888 0.6712962962962963 0.6388888888888888 0.7067901234567902 0.5802469135802469 0.7067901234567902
0 0.7318672839506173 0.6733539094650206 0.7974537037037037 0.6733539094650206 0.7974537037037037 0.7145061728395061 0.7318672839506173 0.7145061728395061
0 0.8854166666666666 0.6810699588477366 0.9463734567901234 0.6810699588477366 0.9463734567901234 0.727366255144033 0.8854166666666666 0.727366255144033
2 0.08719135802469136 0.8040123456790124 0.15123456790123457 0.8040123456790124 0.15123456790123457 0.8544238683127572 0.08719135802469136 0.8544238683127572
2 0.24729938271604937 0.8127572016460906 0.30671296296296297 0.8127572016460906 0.30671296296296297 0.8590534979423868 0.24729938271604937 0.8590534979423868
2 0.35455246913580246 0.8189300411522634 0.4158950617283951 0.8189300411522634 0.4158950617283951 0.867798353909465 0.35455246913580246 0.867798353909465
2 0.4714506172839506 0.8256172839506173 0.5401234567901234 0.8256172839506173 0.5401234567901234 0.8744855967078189 0.4714506172839506 0.8744855967078189
2 0.6284722222222222 0.8389917695473251 0.6925154320987654 0.8389917695473251 0.6925154320987654 0.8816872427983539 0.6284722222222222 0.8816872427983539
2 0.7272376543209876 0.8353909465020576 0.7951388888888888 0.8353909465020576 0.7951388888888888 0.8858024691358025 0.7272376543209876 0.8858024691358025
2 0.8344907407407407 0.8369341563786008 0.8985339506172839 0.8369341563786008 0.8985339506172839 0.8858024691358025 0.8344907407407407 0.8858024691358025
3 0.9679783950617284 0.845679012345679 1.0 0.845679012345679 1.0 0.8950617283950617 0.9679783950617284 0.8950617283950617
4 0.2326388888888889 0.5617283950617284 0.26080246913580246 0.5617283950617284 0.26080246913580246 0.5997942386831275 0.2326388888888889 0.5997942386831275
4 0.45717592592592593 0.5679012345679012 0.4880401234567901 0.5679012345679012 0.4880401234567901 0.602366255144033 0.45717592592592593 0.602366255144033
4 0.7874228395061729 0.5725308641975309 0.8101851851851852 0.5725308641975309 0.8101851851851852 0.5967078189300411 0.7874228395061729 0.5967078189300411
4 0.33796296296296297 0.20781893004115226 0.3653549382716049 0.20781893004115226 0.3653549382716049 0.24279835390946503 0.33796296296296297 0.24279835390946503
