2 0.11651234567901235 0.048868312757201646 0.18981481481481483 0.048868312757201646 0.18981481481481483 0.09156378600823045 0.11651234567901235 0.09156378600823045
2 0.23726851851851852 0.055041152263374485 0.30246913580246915 0.06481481481481481 0.2986111111111111 0.1095679012345679 0.2334104938271605 0.09979423868312758
2 0.35725308641975306 0.06995884773662552 0.4255401234567901 0.06995884773662552 0.4255401234567901 0.11676954732510288 0.35725308641975306 0.11676954732510288
2 0.5192901234567902 0.08024691358024691 0.589891975308642 0.08024691358024691 0.589891975308642 0.12139917695473251 0.5192901234567902 0.12139917695473251
2 0.6670524691358025 0.09156378600823045 0.7353395061728395 0.09156378600823045 0.7353395061728395 0.1337448559670782 0.6670524691358025 0.1337448559670782
2 0.8391203703703703 0.10133744855967078 0.9089506172839507 0.10133744855967078 0.9089506172839507 0.1440329218106996 0.8391203703703703 0.1440329218106996
3 0.9502314814814815 0.10648148148148148 1.0 0.10648148148148148 1.0 0.14917695473251028 0.9502314814814815 0.14917695473251028
0 0.04050925925925926 0.2824074074074074 0.10570987654320987 0.2890946502057613 0.10300925925925926 0.33641975308641975 0.03780864197530864 0.3297325102880658
0 0.2322530864197531 0.3019547325102881 0.2970679012345679 0.3019547325102881 0.2970679012345679 0.3472222222222222 0.2322530864197531 0.3472222222222222
0 0.38850308641975306 0.3096707818930041 0.45023148148148145 0.3096707818930041 0.45023148148148145 0.3575102880658436 0.38850308641975306 0.3575102880658436
0 0.5493827160493827 0.32098765432098764 0.6122685185185185 0.32098765432098764 0.6122685185185185 0.3647119341563786 0.5493827160493827 0.3647119341563786
0 0.7619598765432098 0.3297325102880658 0.8279320987654321 0.3297325102880658 0.8279320987654321 0.3713991769547325 0.7619598765432098 0.3713991769547325
0 0.9228395061728395 0.34002057613168724 0.9888117283950617 0.34002057613168724 0.9888117283950617 0.3837448559670782 0.9228395061728395 0.3837448559670782
0 0.16473765432098766 0.4542181069958848 0.22955246913580246 0.4609053497942387 0.22685185185185186 0.5087448559670782 0.16203703703703703 0.5020576131687243
0 0.3904320987654321 0.47890946502057613 0.45717592592592593 0.47890946502057613 0.45717592592592593 0.5257201646090535 0.3904320987654321 0.5257201646090535
0 0.6068672839506173 0.4876543209876543 0.6736111111111112 0.4876543209876543 0.6736111111111112 0.5380658436213992 0.6068672839506173 0.5380658436213992
0 0.8433641975308642 0.5015432098765432 0.910108024691358 0.5015432098765432 0.910108024691358 0.5504115226337448 0.8433641975308642 0.5504115226337448
1 0.9691358024691358 0.5118312757201646 1.0 0.5118312757201646 1.0 0.5555555555555556 0.9691358024691358 0.5555555555555556
1 0.0 0.6399176954732511 0.02353395061728395 0.6399176954732511 0.02353395061728395 0.683641975308642 0.0 0.683641975308642
0 0.16126543209876543 0.6466049382716049 0.2318672839506173 0.6558641975308642 0.22839506172839505 0.7021604938271605 0.15779320987654322 0.6929012345679012
0 0.3506944444444444 0.6661522633744856 0.4185956790123457 0.6661522633744856 0.4185956790123457 0.7073045267489712 0.3506944444444444 0.7073045267489712
0 0.5165895061728395 0.6748971193415638 0.5871913580246914 0.6748971193415638 0.5871913580246914 0.7227366255144033 0.5165895061728395 0.7227366255144033
0 0.6743827160493827 0.6810699588477366 0.7418981481481481 0.6810699588477366 0.7418981481481481 0.7283950617283951 0.6743827160493827 0.7283950617283951
0 0.8371913580246914 0.6887860082304527 0.9116512345679012 0.6887860082304527 0.9116512345679012 0.7340534979423868 0.8371913580246914 0.7340534979423868
2 0.404320987654321 0.8858024691358025 0.46566358024691357 0.8858024691358025 0.46566358024691357 0.9305555555555556 0.404320987654321 0.9305555555555556
0 0.7611882716049383 0.867798353909465 0.8202160493827161 0.867798353909465 0.8202160493827161 0.9171810699588477 0.7611882716049383 0.9171810699588477
4 0.3472222222222222 0.3801440329218107 0.42322530864197533 0.3801440329218107 0.42322530864197533 0.404320987654321 0.3472222222222222 0.404320987654321
4 0.2199074074074074 0.4017489711934156 0.3136574074074074 0.4182098765432099 0.3109567901234568 0.44393004115226337 0.21720679012345678 0.42746913580246915
4 0.3001543209876543 0.11008230452674897 0.3746141975308642 0.15380658436213993 0.3653549382716049 0.18209876543209877 0.2908950617283951 0.1383744855967078
4 0.09992283950617284 0.09722222222222222 0.18441358024691357 0.10699588477366255 0.18248456790123457 0.1368312757201646 0.09799382716049383 0.12705761316872427
4 0.45177469135802467 0.1183127572016461 0.5516975308641975 0.14248971193415638 0.5466820987654321 0.18055555555555555 0.44637345679012347 0.15637860082304528
4 0.31635802469135804 0.6291152263374485 0.39737654320987653 0.6075102880658436 0.4039351851851852 0.6512345679012346 0.32253086419753085 0.6728395061728395
4 0.0775462962962963 0.6198559670781894 0.14429012345679013 0.5982510288065843 0.15046296296296297 0.6332304526748971 0.08371913580246913 0.654835390946502
4 0.3271604938271605 0.9254115226337448 0.3757716049382716 0.8832304526748971 0.3923611111111111 0.9171810699588477 0.3433641975308642 0.9588477366255144
4 0.4675925925925926 0.7685185185185185 0.501929012345679 0.7536008230452675 0.5115740740740741 0.7932098765432098 0.47723765432098764 0.8081275720164609
4 0.9398148148148148 0.7829218106995884 0.9969135802469136 0.7829218106995884 0.9969135802469136 0.8276748971193416 0.9398148148148148 0.8276748971193416
4 0.030864197530864196 0.4881687242798354 0.10108024691358025 0.4732510288065844 0.10570987654320987 0.5113168724279835 0.035493827160493825 0.5262345679012346
4 0.28973765432098764 0.522119341563786 0.30864197530864196 0.5005144032921811 0.3298611111111111 0.5334362139917695 0.3109567901234568 0.5550411522633745
4 0.08256172839506173 0.404320987654321 0.10648148148148148 0.4315843621399177 0.08834876543209877 0.45987654320987653 0.06442901234567901 0.43261316872427985
4 0.34837962962962965 0.2788065843621399 0.3765432098765432 0.2788065843621399 0.3765432098765432 0.3168724279835391 0.34837962962962965 0.3168724279835391
4 0.49614197530864196 0.31069958847736623 0.5173611111111112 0.28703703703703703 0.5362654320987654 0.31738683127572015 0.5150462962962963 0.3410493827160494
4 0.7037037037037037 0.31121399176954734 0.7253086419753086 0.28960905349794236 0.7434413580246914 0.3220164609053498 0.7214506172839507 0.3436213991769547
4 0.7565586419753086 0.3873456790123457 0.9112654320987654 0.44084362139917693 0.902391975308642 0.4861111111111111 0.7476851851851852 0.43261316872427985
4 0.5096450617283951 0.5334362139917695 0.5308641975308642 0.5149176954732511 0.5459104938271605 0.5452674897119342 0.5246913580246914 0.5637860082304527
4 0.6770833333333334 0.5334362139917695 0.7021604938271605 0.5334362139917695 0.7021604938271605 0.566358024691358 0.6770833333333334 0.566358024691358
4 0.8125 0.5329218106995884 0.8360339506172839 0.5329218106995884 0.8360339506172839 0.5709876543209876 0.8125 0.5709876543209876
4 0.01890432098765432 0.4022633744855967 0.033950617283950615 0.3734567901234568 0.06712962962962964 0.404320987654321 0.052083333333333336 0.4331275720164609
4 0.0 0.2772633744855967 0.009645061728395061 0.24845679012345678 0.03780864197530864 0.2654320987654321 0.027777777777777776 0.294238683127572
4 0.12152777777777778 0.8667695473251029 0.1554783950617284 0.8667695473251029 0.1554783950617284 0.9099794238683128 0.12152777777777778 0.9099794238683128
4 0.5150462962962963 0.9351851851851852 0.5582561728395061 0.8940329218106996 0.5740740740740741 0.9233539094650206 0.5308641975308642 0.9645061728395061
4 0.09529320987654322 0.7325102880658436 0.12037037037037036 0.7325102880658436 0.12037037037037036 0.7752057613168725 0.09529320987654322 0.7752057613168725
