0 0.11381172839506173 0.23199588477366256 0.19753086419753085 0.23199588477366256 0.19753086419753085 0.27829218106995884 0.11381172839506173 0.27829218106995884
0 0.3283179012345679 0.2397119341563786 0.4074074074074074 0.2397119341563786 0.4074074074074074 0.2808641975308642 0.3283179012345679 0.2808641975308642
0 0.6878858024691358 0.25205761316872427 0.7835648148148148 0.25205761316872427 0.7835648148148148 0.30606995884773663 0.6878858024691358 0.30606995884773663
0 0.015046296296296295 0.5756172839506173 0.10416666666666667 0.5756172839506173 0.10416666666666667 0.6208847736625515 0.015046296296296295 0.6208847736625515
0 0.27199074074074076 0.5797325102880658 0.36419753086419754 0.5797325102880658 0.36419753086419754 0.6296296296296297 0.27199074074074076 0.6296296296296297
0 0.5736882716049383 0.5869341563786008 0.6631944444444444 0.5869341563786008 0.6631944444444444 0.6383744855967078 0.5736882716049383 0.6383744855967078
2 0.9182098765432098 0.6059670781893004 0.9992283950617284 0.6059670781893004 0.9992283950617284 0.6610082304526749 0.9182098765432098 0.6610082304526749
0 0.14390432098765432 0.8256172839506173 0.2322530864197531 0.8256172839506173 0.2322530864197531 0.8703703703703703 0.14390432098765432 0.8703703703703703
0 0.47878086419753085 0.8446502057613169 0.5775462962962963 0.8446502057613169 0.5775462962962963 0.8858024691358025 0.47878086419753085 0.8858024691358025
0 0.7685185185185185 0.8518518518518519 0.8580246913580247 0.8518518518518519 0.8580246913580247 0.8991769547325102 0.7685185185185185 0.8991769547325102
4 0.6682098765432098 0.8878600823045267 0.7646604938271605 0.8878600823045267 0.7646604938271605 0.918724279835391 0.6682098765432098 0.918724279835391
4 0.38078703703703703 0.8858024691358025 0.47685185185185186 0.8858024691358025 0.47685185185185186 0.9192386831275721 0.38078703703703703 0.9192386831275721
4 0.07523148148148148 0.8770576131687243 0.17669753086419754 0.8770576131687243 0.17669753086419754 0.9130658436213992 0.07523148148148148 0.9130658436213992
4 0.05864197530864197 0.027777777777777776 0.14814814814814814 0.00360082304526749 0.15239197530864199 0.030864197530864196 0.0625 0.055041152263374485
4 0.48148148148148145 0.01800411522633745 0.5767746913580247 0.00977366255144033 0.5783179012345679 0.04681069958847737 0.4834104938271605 0.055041152263374485
4 0.7847222222222222 0.03909465020576132 0.8595679012345679 0.020061728395061727 0.8645833333333334 0.055041152263374485 0.7897376543209876 0.07407407407407407
4 0.7253086419753086 0.17541152263374485 0.8186728395061729 0.17541152263374485 0.8186728395061729 0.20936213991769548 0.7253086419753086 0.20936213991769548
4 0.2908950617283951 0.6723251028806584 0.39891975308641975 0.6563786008230452 0.40162037037037035 0.6887860082304527 0.2935956790123457 0.7047325102880658
4 0.44405864197530864 0.5478395061728395 0.5551697530864198 0.5216049382716049 0.5597993827160493 0.558641975308642 0.4486882716049383 0.5848765432098766
4 0.42824074074074076 0.7078189300411523 0.5713734567901234 0.6810699588477366 0.5752314814814815 0.7191358024691358 0.4324845679012346 0.7463991769547325
4 0.6412037037037037 0.6877572016460906 0.7503858024691358 0.6414609053497943 0.7581018518518519 0.6738683127572016 0.6489197530864198 0.720164609053498
4 0.8422067901234568 0.5756172839506173 0.9467592592592593 0.543724279835391 0.9521604938271605 0.5740740740740741 0.847608024691358 0.6059670781893004
4 0.003472222222222222 0.27109053497942387 0.1091820987654321 0.27109053497942387 0.1091820987654321 0.3045267489711934 0.003472222222222222 0.3045267489711934
4 0.5154320987654321 0.279320987654321 0.6045524691358025 0.3271604938271605 0.5925925925925926 0.36728395061728397 0.5034722222222222 0.3194444444444444
4 0.28935185185185186 0.2623456790123457 0.3460648148148148 0.3184156378600823 0.3244598765432099 0.3575102880658436 0.26774691358024694 0.301440329218107
4 0.059799382716049385 0.6075102880658436 0.07368827160493827 0.6342592592592593 0.013503086419753086 0.6893004115226338 0.0 0.6625514403292181
4 0.12654320987654322 0.1558641975308642 0.16319444444444445 0.1558641975308642 0.16319444444444445 0.20164609053497942 0.12654320987654322 0.20164609053497942
4 0.941358024691358 0.3153292181069959 0.9656635802469136 0.3153292181069959 0.9656635802469136 0.3497942386831276 0.941358024691358 0.3497942386831276
4 0.9432870370370371 0.22839506172839505 0.9733796296296297 0.22839506172839505 0.9733796296296297 0.26954732510288065 0.9432870370370371 0.26954732510288065
