0 0.004629629629629629 0.4027777777777778 0.07523148148148148 0.4027777777777778 0.07523148148148148 0.4542181069958848 0.004629629629629629 0.4542181069958848
0 0.25848765432098764 0.39609053497942387 0.33564814814814814 0.39609053497942387 0.33564814814814814 0.44135802469135804 0.25848765432098764 0.44135802469135804
2 0.21257716049382716 0.7227366255144033 0.28510802469135804 0.7227366255144033 0.28510802469135804 0.7762345679012346 0.21257716049382716 0.7762345679012346
2 0.4251543209876543 0.7186213991769548 0.5042438271604939 0.7186213991769548 0.5042438271604939 0.7664609053497943 0.4251543209876543 0.7664609053497943
2 0.6697530864197531 0.706275720164609 0.7330246913580247 0.706275720164609 0.7330246913580247 0.7561728395061729 0.6697530864197531 0.7561728395061729
4 0.1431327160493827 0.03292181069958848 0.22685185185185186 0.055041152263374485 0.22376543209876543 0.07561728395061729 0.1400462962962963 0.053497942386831275
4 0.4085648148148148 0.00823045267489712 0.4664351851851852 0.025205761316872428 0.46296296296296297 0.04526748971193416 0.4050925925925926 0.028292181069958847
4 0.7010030864197531 0.0 0.7758487654320988 0.0 0.7758487654320988 0.01594650205761317 0.7010030864197531 0.01594650205761317
4 0.015046296296296295 0.2602880658436214 0.09220679012345678 0.22325102880658437 0.09760802469135803 0.24331275720164608 0.02044753086419753 0.2803497942386831
4 0.2334104938271605 0.24434156378600824 0.3140432098765432 0.20421810699588477 0.31867283950617287 0.21965020576131689 0.23765432098765432 0.25977366255144035
4 0.5972222222222222 0.23508230452674897 0.6732253086419753 0.18055555555555555 0.6809413580246914 0.19907407407407407 0.6045524691358025 0.2536008230452675
4 0.9174382716049383 0.22170781893004116 0.9421296296296297 0.20421810699588477 0.9567901234567902 0.2397119341563786 0.9320987654320988 0.257201646090535
4 0.3950617283950617 0.35545267489711935 0.4575617283950617 0.3281893004115226 0.4618055555555556 0.3446502057613169 0.3993055555555556 0.37191358024691357
4 0.7029320987654321 0.338477366255144 0.7797067901234568 0.31069958847736623 0.7858796296296297 0.3410493827160494 0.7091049382716049 0.36882716049382713
4 0.1408179012345679 0.4521604938271605 0.22029320987654322 0.4228395061728395 0.22646604938271606 0.45164609053497945 0.14660493827160495 0.4809670781893004
4 0.4166666666666667 0.43261316872427985 0.44290123456790126 0.4166666666666667 0.45447530864197533 0.45010288065843623 0.4278549382716049 0.4660493827160494
4 0.7075617283950617 0.4315843621399177 0.7264660493827161 0.40483539094650206 0.7488425925925926 0.43261316872427985 0.7295524691358025 0.4593621399176955
4 0.047839506172839504 0.7021604938271605 0.07445987654320987 0.684156378600823 0.08912037037037036 0.7232510288065843 0.062114197530864196 0.7412551440329218
4 0.38078703703703703 0.661522633744856 0.4074074074074074 0.691358024691358 0.3800154320987654 0.7345679012345679 0.3533950617283951 0.7047325102880658
4 0.6608796296296297 0.6820987654320988 0.7515432098765432 0.6460905349794238 0.7584876543209876 0.6784979423868313 0.6682098765432098 0.7145061728395061
