3 0.0 0.10030864197530864 0.035493827160493825 0.10030864197530864 0.035493827160493825 0.14094650205761317 0.0 0.14094650205761317
0 0.404320987654321 0.10545267489711935 0.4637345679012346 0.10545267489711935 0.4637345679012346 0.1455761316872428 0.404320987654321 0.1455761316872428
0 0.560570987654321 0.102880658436214 0.6238425925925926 0.102880658436214 0.6238425925925926 0.1455761316872428 0.560570987654321 0.1455761316872428
0 0.8892746913580247 0.10390946502057613 0.9483024691358025 0.10390946502057613 0.9483024691358025 0.15174897119341563 0.8892746913580247 0.15174897119341563
3 0.0 0.23045267489711935 0.04436728395061729 0.23045267489711935 0.04436728395061729 0.2757201646090535 0.0 0.2757201646090535
0 0.4224537037037037 0.24074074074074073 0.48919753086419754 0.24074074074074073 0.48919753086419754 0.28703703703703703 0.4224537037037037 0.28703703703703703
0 0.6828703703703703 0.24331275720164608 0.7534722222222222 0.24331275720164608 0.7534722222222222 0.28600823045267487 0.6828703703703703 0.28600823045267487
3 0.9718364197530864 0.24948559670781892 1.0 0.24948559670781892 1.0 0.2926954732510288 0.9718364197530864 0.2926954732510288
2 0.08912037037037036 0.47170781893004116 0.16280864197530864 0.47170781893004116 0.16280864197530864 0.5154320987654321 0.08912037037037036 0.5154320987654321
2 0.2943672839506173 0.43878600823045266 0.35648148148148145 0.43878600823045266 0.35648148148148145 0.48559670781893005 0.2943672839506173 0.48559670781893005
2 0.43287037037037035 0.4727366255144033 0.4949845679012346 0.4727366255144033 0.4949845679012346 0.5231481481481481 0.43287037037037035 0.5231481481481481
0 0.5879629629629629 0.44753086419753085 0.6539351851851852 0.44753086419753085 0.6539351851851852 0.49434156378600824 0.5879629629629629 0.49434156378600824
0 0.9050925925925926 0.44650205761316875 0.9718364197530864 0.44650205761316875 0.9718364197530864 0.49434156378600824 0.9050925925925926 0.49434156378600824
3 0.0 0.6671810699588477 0.06095679012345679 0.6671810699588477 0.06095679012345679 0.720164609053498 0.0 0.720164609053498
2 0.17708333333333334 0.6671810699588477 0.24151234567901234 0.6671810699588477 0.24151234567901234 0.7222222222222222 0.17708333333333334 0.7222222222222222
2 0.41473765432098764 0.6810699588477366 0.4826388888888889 0.6810699588477366 0.4826388888888889 0.7299382716049383 0.41473765432098764 0.7299382716049383
2 0.6107253086419753 0.683641975308642 0.6809413580246914 0.683641975308642 0.6809413580246914 0.7289094650205762 0.6107253086419753 0.7289094650205762
0 0.7862654320987654 0.6862139917695473 0.8541666666666666 0.6862139917695473 0.8541666666666666 0.7325102880658436 0.7862654320987654 0.7325102880658436
2 0.3020833333333333 0.8467078189300411 0.36226851851851855 0.8467078189300411 0.36226851851851855 0.8930041152263375 0.3020833333333333 0.8930041152263375
2 0.5570987654320988 0.852880658436214 0.6192129629629629 0.852880658436214 0.6192129629629629 0.9007201646090535 0.5570987654320988 0.9007201646090535
0 0.9135802469135802 0.8544238683127572 0.9745370370370371 0.8544238683127572 0.9745370370370371 0.9032921810699589 0.9135802469135802 0.9032921810699589
4 0.44560185185185186 0.8256172839506173 0.4949845679012346 0.8029835390946503 0.5050154320987654 0.8431069958847737 0.4556327160493827 0.8652263374485597
4 0.8962191358024691 0.7314814814814815 0.9351851851851852 0.7129629629629629 0.9429012345679012 0.7417695473251029 0.904320987654321 0.7602880658436214
4 0.12692901234567902 0.8271604938271605 0.16473765432098766 0.793724279835391 0.17939814814814814 0.823559670781893 0.1415895061728395 0.8569958847736625
4 0.5196759259259259 0.39969135802469136 0.5439814814814815 0.4279835390946502 0.5208333333333334 0.463477366255144 0.4965277777777778 0.4346707818930041
4 0.7253086419753086 0.26800411522633744 0.7426697530864198 0.2839506172839506 0.7156635802469136 0.3369341563786008 0.6983024691358025 0.32150205761316875
4 0.3560956790123457 0.06738683127572016 0.38233024691358025 0.06738683127572016 0.38233024691358025 0.1111111111111111 0.3560956790123457 0.1111111111111111
4 0.07908950617283951 0.7011316872427984 0.13271604938271606 0.7011316872427984 0.13271604938271606 0.7448559670781894 0.07908950617283951 0.7448559670781894
4 0.7870370370370371 0.4279835390946502 0.8059413580246914 0.40483539094650206 0.8260030864197531 0.43415637860082307 0.8067129629629629 0.4573045267489712
4 0.6338734567901234 0.07304526748971193 0.6566358024691358 0.044753086419753084 0.685570987654321 0.08641975308641975 0.6628086419753086 0.1147119341563786
4 0.13657407407407407 0.4022633744855967 0.18364197530864199 0.4331275720164609 0.1724537037037037 0.46399176954732513 0.125 0.4331275720164609
4 0.24228395061728394 0.29218106995884774 0.2654320987654321 0.31121399176954734 0.251929012345679 0.3410493827160494 0.22878086419753085 0.3220164609053498
4 0.3140432098765432 0.7289094650205762 0.3506944444444444 0.7006172839506173 0.36419753086419754 0.7309670781893004 0.3275462962962963 0.7592592592592593
4 0.7002314814814815 0.809156378600823 0.7376543209876543 0.852366255144033 0.716820987654321 0.8847736625514403 0.6793981481481481 0.8410493827160493
