3 0.0 0.15534979423868311 0.02044753086419753 0.15534979423868311 0.02044753086419753 0.21450617283950618 0.0 0.21450617283950618
2 0.12770061728395063 0.15174897119341563 0.20794753086419754 0.15174897119341563 0.20794753086419754 0.21296296296296297 0.12770061728395063 0.21296296296296297
2 0.2966820987654321 0.15329218106995884 0.36766975308641975 0.15329218106995884 0.36766975308641975 0.2175925925925926 0.2966820987654321 0.2175925925925926
2 0.47415123456790126 0.15020576131687244 0.5524691358024691 0.15020576131687244 0.5524691358024691 0.21862139917695472 0.47415123456790126 0.21862139917695472
2 0.7573302469135802 0.17181069958847736 0.8302469135802469 0.17181069958847736 0.8302469135802469 0.2294238683127572 0.7573302469135802 0.2294238683127572
2 0.9004629629629629 0.17901234567901234 0.9791666666666666 0.17901234567901234 0.9791666666666666 0.2381687242798354 0.9004629629629629 0.2381687242798354
2 0.36689814814814814 0.29732510288065844 0.44483024691358025 0.29732510288065844 0.44483024691358025 0.3513374485596708 0.36689814814814814 0.3513374485596708
2 0.5100308641975309 0.3019547325102881 0.5787037037037037 0.3019547325102881 0.5787037037037037 0.3513374485596708 0.5100308641975309 0.3513374485596708
2 0.6481481481481481 0.3045267489711934 0.7264660493827161 0.3045267489711934 0.7264660493827161 0.3559670781893004 0.6481481481481481 0.3559670781893004
2 0.8036265432098766 0.30864197530864196 0.8684413580246914 0.30864197530864196 0.8684413580246914 0.360082304526749 0.8036265432098766 0.360082304526749
0 0.5941358024691358 0.6075102880658436 0.6728395061728395 0.6075102880658436 0.6728395061728395 0.6527777777777778 0.5941358024691358 0.6527777777777778
0 0.7959104938271605 0.61059670781893 0.8703703703703703 0.61059670781893 0.8703703703703703 0.6522633744855967 0.7959104938271605 0.6522633744855967
2 0.4174382716049383 0.6018518518518519 0.49614197530864196 0.6018518518518519 0.49614197530864196 0.6466049382716049 0.4174382716049383 0.6466049382716049
2 0.8881172839506173 0.8503086419753086 0.9606481481481481 0.8503086419753086 0.9606481481481481 0.8909465020576132 0.8881172839506173 0.8909465020576132
2 0.25 0.5972222222222222 0.3271604938271605 0.5972222222222222 0.3271604938271605 0.6466049382716049 0.25 0.6466049382716049
2 0.6199845679012346 0.169238683127572 0.6925154320987654 0.169238683127572 0.6925154320987654 0.2242798353909465 0.6199845679012346 0.2242798353909465
2 0.005401234567901234 0.29835390946502055 0.08641975308641975 0.29835390946502055 0.08641975308641975 0.3559670781893004 0.005401234567901234 0.3559670781893004
2 0.2040895061728395 0.29835390946502055 0.279320987654321 0.29835390946502055 0.279320987654321 0.3533950617283951 0.2040895061728395 0.3533950617283951
2 0.06944444444444445 0.6075102880658436 0.1408179012345679 0.6075102880658436 0.1408179012345679 0.647633744855967 0.06944444444444445 0.647633744855967
2 0.07291666666666667 0.8281893004115226 0.1527777777777778 0.8364197530864198 0.14969135802469136 0.8863168724279835 0.06983024691358025 0.8780864197530864
2 0.29282407407407407 0.8328189300411523 0.376929012345679 0.8328189300411523 0.376929012345679 0.8852880658436214 0.29282407407407407 0.8852880658436214
2 0.5277777777777778 0.8353909465020576 0.5979938271604939 0.8353909465020576 0.5979938271604939 0.8863168724279835 0.5277777777777778 0.8863168724279835
2 0.6712962962962963 0.8353909465020576 0.7357253086419753 0.8353909465020576 0.7357253086419753 0.8801440329218106 0.6712962962962963 0.8801440329218106
4 0.07407407407407407 0.11419753086419752 0.11458333333333333 0.11419753086419752 0.11458333333333333 0.17026748971193414 0.07407407407407407 0.17026748971193414
4 0.16435185185185186 0.3374485596707819 0.2029320987654321 0.3374485596707819 0.2029320987654321 0.3950617283950617 0.16435185185185186 0.3950617283950617
4 0.4270833333333333 0.4619341563786008 0.4683641975308642 0.5030864197530864 0.4417438271604938 0.5504115226337448 0.40046296296296297 0.5092592592592593
4 0.058256172839506175 0.48045267489711935 0.09992283950617284 0.48045267489711935 0.09992283950617284 0.5370370370370371 0.058256172839506175 0.5370370370370371
4 0.7334104938271605 0.48148148148148145 0.7689043209876543 0.5174897119341564 0.748070987654321 0.5545267489711934 0.7125771604938271 0.5190329218106996
4 0.024691358024691357 0.9259259259259259 0.047453703703703706 0.9012345679012346 0.06983024691358025 0.9372427983539094 0.047453703703703706 0.9624485596707819
4 0.05478395061728395 0.7114197530864198 0.08179012345679013 0.7114197530864198 0.08179012345679013 0.7479423868312757 0.05478395061728395 0.7479423868312757
4 0.8503086419753086 0.8724279835390947 0.8738425925925926 0.8724279835390947 0.8738425925925926 0.9228395061728395 0.8503086419753086 0.9228395061728395
4 0.1392746913580247 0.5694444444444444 0.1728395061728395 0.5694444444444444 0.1728395061728395 0.6085390946502057 0.1392746913580247 0.6085390946502057
4 0.6728395061728395 0.5745884773662552 0.7121913580246914 0.5745884773662552 0.7121913580246914 0.6172839506172839 0.6728395061728395 0.6172839506172839
4 0.9764660493827161 0.3585390946502058 1.0 0.3585390946502058 1.0 0.3976337448559671 0.9764660493827161 0.3976337448559671
4 0.3074845679012346 0.3374485596707819 0.33449074074074076 0.3374485596707819 0.33449074074074076 0.38786008230452673 0.3074845679012346 0.38786008230452673
4 0.18479938271604937 0.6558641975308642 0.21257716049382716 0.6296296296296297 0.22569444444444445 0.654320987654321 0.19791666666666666 0.6805555555555556
4 0.45871913580246915 0.5776748971193416 0.47530864197530864 0.5411522633744856 0.49151234567901236 0.5545267489711934 0.47453703703703703 0.5910493827160493
4 0.3753858024691358 0.11779835390946503 0.39621913580246915 0.13580246913580246 0.3784722222222222 0.17181069958847736 0.3576388888888889 0.15380658436213993
4 0.5837191358024691 0.9588477366255144 0.6165123456790124 0.9588477366255144 0.6165123456790124 0.9974279835390947 0.5837191358024691 0.9974279835390947
1 0.9444444444444444 0.6136831275720165 0.9992283950617284 0.6136831275720165 0.9992283950617284 0.661522633744856 0.9444444444444444 0.661522633744856
4 0.9332561728395061 0.30092592592592593 0.9548611111111112 0.30092592592592593 0.9548611111111112 0.3487654320987654 0.9332561728395061 0.3487654320987654
