0 0.09799382716049383 0.2191358024691358 0.1574074074074074 0.2222222222222222 0.15625 0.264917695473251 0.09683641975308642 0.2618312757201646
0 0.25540123456790126 0.23045267489711935 0.31712962962962965 0.23045267489711935 0.31712962962962965 0.27109053497942387 0.25540123456790126 0.27109053497942387
0 0.44675925925925924 0.23045267489711935 0.5115740740740741 0.23045267489711935 0.5115740740740741 0.27314814814814814 0.44675925925925924 0.27314814814814814
0 0.6323302469135802 0.23559670781893005 0.691358024691358 0.23559670781893005 0.691358024691358 0.2772633744855967 0.6323302469135802 0.2772633744855967
0 0.7743055555555556 0.2330246913580247 0.8391203703703703 0.2330246913580247 0.8391203703703703 0.27983539094650206 0.7743055555555556 0.27983539094650206
0 0.9463734567901234 0.2345679012345679 0.9965277777777778 0.2345679012345679 0.9965277777777778 0.2808641975308642 0.9463734567901234 0.2808641975308642
2 0.016975308641975308 0.46399176954732513 0.08371913580246913 0.46399176954732513 0.08371913580246913 0.5066872427983539 0.016975308641975308 0.5066872427983539
2 0.28125 0.47890946502057613 0.3414351851851852 0.47890946502057613 0.3414351851851852 0.5257201646090535 0.28125 0.5257201646090535
0 0.4695216049382716 0.48148148148148145 0.5297067901234568 0.48148148148148145 0.5297067901234568 0.529320987654321 0.4695216049382716 0.529320987654321
0 0.6172839506172839 0.48662551440329216 0.6782407407407407 0.48662551440329216 0.6782407407407407 0.5329218106995884 0.6172839506172839 0.5329218106995884
0 0.8128858024691358 0.49176954732510286 0.8692129629629629 0.49176954732510286 0.8692129629629629 0.5354938271604939 0.8128858024691358 0.5354938271604939
0 0.11458333333333333 0.6610082304526749 0.17862654320987653 0.6661522633744856 0.17669753086419754 0.7114197530864198 0.11265432098765432 0.706275720164609
0 0.3194444444444444 0.6651234567901234 0.3800154320987654 0.6692386831275721 0.37808641975308643 0.7124485596707819 0.3175154320987654 0.7083333333333334
0 0.5320216049382716 0.6733539094650206 0.5968364197530864 0.676440329218107 0.595679012345679 0.7227366255144033 0.5308641975308642 0.7196502057613169
0 0.722608024691358 0.6872427983539094 0.7866512345679012 0.6872427983539094 0.7866512345679012 0.7314814814814815 0.722608024691358 0.7314814814814815
0 0.8487654320987654 0.6898148148148148 0.9077932098765432 0.6898148148148148 0.9077932098765432 0.7340534979423868 0.8487654320987654 0.7340534979423868
0 0.4074074074074074 0.8858024691358025 0.46566358024691357 0.8858024691358025 0.46566358024691357 0.9331275720164609 0.4074074074074074 0.9331275720164609
0 0.6068672839506173 0.8991769547325102 0.6697530864197531 0.8991769547325102 0.6697530864197531 0.9459876543209876 0.6068672839506173 0.9459876543209876
0 0.875 0.9058641975308642 0.9324845679012346 0.9058641975308642 0.9324845679012346 0.9531893004115226 0.875 0.9531893004115226
4 0.22376543209876543 0.8436213991769548 0.2966820987654321 0.8580246913580247 0.29282407407407407 0.8914609053497943 0.2199074074074074 0.8770576131687243
4 0.7442129629629629 0.8770576131687243 0.8306327160493827 0.8770576131687243 0.8306327160493827 0.9099794238683128 0.7442129629629629 0.9099794238683128
4 0.6030092592592593 0.26800411522633744 0.6770833333333334 0.30504115226337447 0.6670524691358025 0.3410493827160494 0.5925925925925926 0.30401234567901236
4 0.4861111111111111 0.00205761316872428 0.5787037037037037 0.10390946502057613 0.5625 0.12962962962962962 0.4702932098765432 0.027777777777777776
4 0.7056327160493827 0.2890946502057613 0.7264660493827161 0.26594650205761317 0.7719907407407407 0.33796296296296297 0.7511574074074074 0.36162551440329216
4 0.4074074074074074 0.7026748971193416 0.4841820987654321 0.7309670781893004 0.47646604938271603 0.7674897119341564 0.39969135802469136 0.7386831275720165
4 0.6149691358024691 0.8009259259259259 0.6388888888888888 0.7860082304526749 0.6516203703703703 0.8220164609053497 0.6277006172839507 0.8369341563786008
4 0.24151234567901234 0.772119341563786 0.283179012345679 0.772119341563786 0.283179012345679 0.8194444444444444 0.24151234567901234 0.8194444444444444
4 0.4020061728395062 0.7839506172839507 0.4363425925925926 0.7839506172839507 0.4363425925925926 0.8245884773662552 0.4020061728395062 0.8245884773662552
4 0.8233024691358025 0.808641975308642 0.8441358024691358 0.7824074074074074 0.8657407407407407 0.8127572016460906 0.8449074074074074 0.8389917695473251
4 0.2183641975308642 0.5622427983539094 0.3904320987654321 0.6162551440329218 0.3792438271604938 0.6795267489711934 0.20717592592592593 0.6255144032921811
4 0.4131944444444444 0.37808641975308643 0.44675925925925924 0.37808641975308643 0.44675925925925924 0.4156378600823045 0.4131944444444444 0.4156378600823045
4 0.19637345679012347 0.25771604938271603 0.2179783950617284 0.25771604938271603 0.2179783950617284 0.2968106995884774 0.19637345679012347 0.2968106995884774
4 0.7048611111111112 0.39197530864197533 0.7357253086419753 0.4002057613168724 0.7307098765432098 0.4346707818930041 0.6998456790123457 0.4269547325102881
4 0.9722222222222222 0.389917695473251 0.9996141975308642 0.389917695473251 0.9996141975308642 0.4228395061728395 0.9722222222222222 0.4228395061728395
4 0.9756944444444444 0.8621399176954733 0.9992283950617284 0.8760288065843621 0.9888117283950617 0.9079218106995884 0.964891975308642 0.8940329218106996
4 0.061342592592592594 0.6939300411522634 0.1415895061728395 0.713477366255144 0.13657407407407407 0.7494855967078189 0.05632716049382716 0.7299382716049383
4 0.2673611111111111 0.37448559670781895 0.2935956790123457 0.37448559670781895 0.2935956790123457 0.4074074074074074 0.2673611111111111 0.4074074074074074
4 0.1705246913580247 0.448559670781893 0.19405864197530864 0.448559670781893 0.19405864197530864 0.4799382716049383 0.1705246913580247 0.4799382716049383
4 0.660108024691358 0.7093621399176955 0.7426697530864198 0.720164609053498 0.7395833333333334 0.7628600823045267 0.6570216049382716 0.7515432098765432
4 0.5378086419753086 0.8708847736625515 0.5829475308641975 0.8148148148148148 0.6037808641975309 0.845164609053498 0.558641975308642 0.9012345679012346
4 0.9745370370370371 0.7947530864197531 0.9984567901234568 0.7947530864197531 0.9984567901234568 0.8343621399176955 0.9745370370370371 0.8343621399176955
4 0.30709876543209874 0.00874485596707819 0.33371913580246915 0.023148148148148147 0.32407407407407407 0.05401234567901234 0.2978395061728395 0.040123456790123455
4 0.050540123456790126 0.01646090534979424 0.0779320987654321 0.01646090534979424 0.0779320987654321 0.04681069958847737 0.050540123456790126 0.04681069958847737
4 0.9236111111111112 0.0 0.9510030864197531 0.0 0.9510030864197531 0.027777777777777776 0.9236111111111112 0.027777777777777776
4 0.39274691358024694 0.2829218106995885 0.41435185185185186 0.26337448559670784 0.43171296296296297 0.2978395061728395 0.41010802469135804 0.3168724279835391
