2 0.004629629629629629 0.08024691358024691 0.08641975308641975 0.08024691358024691 0.08641975308641975 0.12654320987654322 0.004629629629629629 0.12654320987654322
2 0.20679012345679013 0.06893004115226338 0.2789351851851852 0.06893004115226338 0.2789351851851852 0.11265432098765432 0.20679012345679013 0.11265432098765432
2 0.3256172839506173 0.061213991769547324 0.3881172839506173 0.061213991769547324 0.3881172839506173 0.09722222222222222 0.3256172839506173 0.09722222222222222
2 0.4486882716049383 0.05246913580246913 0.5212191358024691 0.05246913580246913 0.5212191358024691 0.09773662551440329 0.4486882716049383 0.09773662551440329
2 0.5717592592592593 0.047325102880658436 0.6388888888888888 0.047325102880658436 0.6388888888888888 0.0823045267489712 0.5717592592592593 0.0823045267489712
2 0.6967592592592593 0.033950617283950615 0.7650462962962963 0.033950617283950615 0.7650462962962963 0.08076131687242798 0.6967592592592593 0.08076131687242798
2 0.8618827160493827 0.024691358024691357 0.9270833333333334 0.024691358024691357 0.9270833333333334 0.0684156378600823 0.8618827160493827 0.0684156378600823
0 0.013117283950617283 0.3410493827160494 0.08371913580246913 0.3410493827160494 0.08371913580246913 0.38117283950617287 0.013117283950617283 0.38117283950617287
0 0.20679012345679013 0.3297325102880658 0.27662037037037035 0.3297325102880658 0.27662037037037035 0.3698559670781893 0.20679012345679013 0.3698559670781893
0 0.34915123456790126 0.32253086419753085 0.4066358024691358 0.32253086419753085 0.4066358024691358 0.36059670781893005 0.34915123456790126 0.36059670781893005
0 0.4525462962962963 0.31738683127572015 0.5165895061728395 0.31738683127572015 0.5165895061728395 0.3626543209876543 0.4525462962962963 0.3626543209876543
0 0.5570987654320988 0.3132716049382716 0.6192129629629629 0.3132716049382716 0.6192129629629629 0.3523662551440329 0.5570987654320988 0.3523662551440329
0 0.6670524691358025 0.30606995884773663 0.7307098765432098 0.30606995884773663 0.7307098765432098 0.3482510288065844 0.6670524691358025 0.3482510288065844
0 0.7847222222222222 0.3045267489711934 0.8506944444444444 0.3045267489711934 0.8506944444444444 0.3436213991769547 0.7847222222222222 0.3436213991769547
0 0.9174382716049383 0.29835390946502055 0.9776234567901234 0.29835390946502055 0.9776234567901234 0.3425925925925926 0.9174382716049383 0.3425925925925926
0 0.03279320987654321 0.4845679012345679 0.09876543209876543 0.4845679012345679 0.09876543209876543 0.5231481481481481 0.03279320987654321 0.5231481481481481
0 0.16628086419753085 0.48045267489711935 0.2349537037037037 0.48045267489711935 0.2349537037037037 0.5180041152263375 0.16628086419753085 0.5180041152263375
0 0.3175154320987654 0.47530864197530864 0.3861882716049383 0.47530864197530864 0.3861882716049383 0.5128600823045267 0.3175154320987654 0.5128600823045267
0 0.4583333333333333 0.4686213991769547 0.5266203703703703 0.4686213991769547 0.5266203703703703 0.5092592592592593 0.4583333333333333 0.5092592592592593
0 0.597608024691358 0.45781893004115226 0.6624228395061729 0.45781893004115226 0.6624228395061729 0.49897119341563784 0.597608024691358 0.49897119341563784
0 0.7280092592592593 0.44907407407407407 0.7912808641975309 0.44907407407407407 0.7912808641975309 0.48559670781893005 0.7280092592592593 0.48559670781893005
0 0.8391203703703703 0.4444444444444444 0.9058641975308642 0.4444444444444444 0.9058641975308642 0.48199588477366256 0.8391203703703703 0.48199588477366256
1 0.9463734567901234 0.4418724279835391 0.9996141975308642 0.4418724279835391 0.9996141975308642 0.4835390946502058 0.9463734567901234 0.4835390946502058
1 0.0 0.727366255144033 0.047839506172839504 0.727366255144033 0.047839506172839504 0.7664609053497943 0.0 0.7664609053497943
0 0.09220679012345678 0.7211934156378601 0.15123456790123457 0.7211934156378601 0.15123456790123457 0.7577160493827161 0.09220679012345678 0.7577160493827161
0 0.22492283950617284 0.7170781893004116 0.2935956790123457 0.7170781893004116 0.2935956790123457 0.7561728395061729 0.22492283950617284 0.7561728395061729
0 0.3873456790123457 0.7109053497942387 0.4506172839506173 0.7109053497942387 0.4506172839506173 0.7474279835390947 0.3873456790123457 0.7474279835390947
0 0.5007716049382716 0.7067901234567902 0.5636574074074074 0.7067901234567902 0.5636574074074074 0.7443415637860082 0.5007716049382716 0.7443415637860082
0 0.6114969135802469 0.7026748971193416 0.6755401234567902 0.7026748971193416 0.6755401234567902 0.7376543209876543 0.6114969135802469 0.7376543209876543
0 0.722608024691358 0.6965020576131687 0.7824074074074074 0.7026748971193416 0.7800925925925926 0.7438271604938271 0.7202932098765432 0.7381687242798354
0 0.8591820987654321 0.7011316872427984 0.9293981481481481 0.7011316872427984 0.9293981481481481 0.7386831275720165 0.8591820987654321 0.7386831275720165
2 0.011188271604938271 0.8631687242798354 0.08063271604938271 0.8631687242798354 0.08063271604938271 0.9068930041152263 0.011188271604938271 0.9068930041152263
2 0.1570216049382716 0.8544238683127572 0.22569444444444445 0.8544238683127572 0.22569444444444445 0.8960905349794238 0.1570216049382716 0.8960905349794238
2 0.2692901234567901 0.8518518518518519 0.33371913580246915 0.8518518518518519 0.33371913580246915 0.88940329218107 0.2692901234567901 0.88940329218107
2 0.37808641975308643 0.845679012345679 0.4402006172839506 0.845679012345679 0.4402006172839506 0.8930041152263375 0.37808641975308643 0.8930041152263375
0 0.47800925925925924 0.8431069958847737 0.5412808641975309 0.8431069958847737 0.5412808641975309 0.8914609053497943 0.47800925925925924 0.8914609053497943
0 0.6053240740740741 0.8379629629629629 0.6709104938271605 0.8379629629629629 0.6709104938271605 0.8832304526748971 0.6053240740740741 0.8832304526748971
0 0.714891975308642 0.8353909465020576 0.7750771604938271 0.8353909465020576 0.7750771604938271 0.8796296296296297 0.714891975308642 0.8796296296296297
0 0.8329475308641975 0.8328189300411523 0.8985339506172839 0.8328189300411523 0.8985339506172839 0.8780864197530864 0.8329475308641975 0.8780864197530864
3 0.9718364197530864 0.8302469135802469 1.0 0.8302469135802469 1.0 0.8739711934156379 0.9718364197530864 0.8739711934156379
4 0.0 0.20421810699588477 0.030864197530864196 0.20421810699588477 0.030864197530864196 0.24434156378600824 0.0 0.24434156378600824
4 0.5493827160493827 0.16666666666666666 0.5960648148148148 0.17335390946502058 0.5929783950617284 0.21347736625514405 0.5459104938271605 0.20679012345679013
4 0.5061728395061729 0.01594650205761317 0.5239197530864198 0.00977366255144033 0.5424382716049383 0.09876543209876543 0.5250771604938271 0.10545267489711935
4 0.8325617283950617 0.16152263374485595 0.8684413580246914 0.16152263374485595 0.8684413580246914 0.19907407407407407 0.8325617283950617 0.19907407407407407
4 0.30864197530864196 0.3096707818930041 0.3387345679012346 0.3096707818930041 0.3387345679012346 0.3410493827160494 0.30864197530864196 0.3410493827160494
4 0.6369598765432098 0.29218106995884774 0.6678240740740741 0.29218106995884774 0.6678240740740741 0.3271604938271605 0.6369598765432098 0.3271604938271605
4 0.5308641975308642 0.48405349794238683 0.5810185185185185 0.48405349794238683 0.5810185185185185 0.5102880658436214 0.5308641975308642 0.5102880658436214
4 0.16743827160493827 0.5879629629629629 0.21180555555555555 0.5987654320987654 0.2044753086419753 0.6522633744855967 0.16010802469135801 0.6409465020576132
4 0.5073302469135802 0.5848765432098766 0.53125 0.5910493827160493 0.5266203703703703 0.6260288065843621 0.5023148148148148 0.6198559670781894
4 0.9251543209876543 0.6044238683127572 0.9398148148148148 0.565843621399177 0.9699074074074074 0.5859053497942387 0.9552469135802469 0.6244855967078189
4 0.8873456790123457 0.07818930041152264 0.908179012345679 0.08024691358024691 0.9070216049382716 0.10545267489711935 0.8858024691358025 0.10339506172839506
4 0.2152777777777778 0.48148148148148145 0.2527006172839506 0.4542181069958848 0.2604166666666667 0.4732510288065844 0.22260802469135801 0.5
4 0.3325617283950617 0.8775720164609053 0.35030864197530864 0.8960905349794238 0.3283179012345679 0.9346707818930041 0.3101851851851852 0.9161522633744856
4 0.6658950617283951 0.8945473251028807 0.7064043209876543 0.8945473251028807 0.7064043209876543 0.9346707818930041 0.6658950617283951 0.9346707818930041
