2 0.05555555555555555 0.15534979423868311 0.12422839506172839 0.15534979423868311 0.12422839506172839 0.19855967078189302 0.05555555555555555 0.19855967078189302
2 0.21141975308641975 0.15534979423868311 0.2839506172839506 0.15534979423868311 0.2839506172839506 0.1970164609053498 0.21141975308641975 0.1970164609053498
0 0.35725308641975306 0.1527777777777778 0.4278549382716049 0.1527777777777778 0.4278549382716049 0.1970164609053498 0.35725308641975306 0.1970164609053498
2 0.49691358024691357 0.15534979423868311 0.5709876543209876 0.15534979423868311 0.5709876543209876 0.19855967078189302 0.49691358024691357 0.19855967078189302
2 0.6547067901234568 0.15689300411522633 0.7272376543209876 0.15689300411522633 0.7272376543209876 0.2006172839506173 0.6547067901234568 0.2006172839506173
2 0.8194444444444444 0.1527777777777778 0.8939043209876543 0.1527777777777778 0.8939043209876543 0.2006172839506173 0.8194444444444444 0.2006172839506173
3 0.9737654320987654 0.16152263374485595 1.0 0.16152263374485595 1.0 0.20473251028806586 0.9737654320987654 0.20473251028806586
3 0.0 0.3374485596707819 0.021604938271604937 0.3374485596707819 0.021604938271604937 0.382201646090535 0.0 0.382201646090535
2 0.06751543209876543 0.3359053497942387 0.1427469135802469 0.3359053497942387 0.1427469135802469 0.38477366255144035 0.06751543209876543 0.38477366255144035
2 0.2322530864197531 0.3359053497942387 0.3028549382716049 0.3359053497942387 0.3028549382716049 0.38117283950617287 0.2322530864197531 0.38117283950617287
2 0.3557098765432099 0.34002057613168724 0.42901234567901236 0.34002057613168724 0.42901234567901236 0.3873456790123457 0.3557098765432099 0.3873456790123457
2 0.47492283950617287 0.3410493827160494 0.5428240740740741 0.3410493827160494 0.5428240740740741 0.3888888888888889 0.47492283950617287 0.3888888888888889
2 0.6107253086419753 0.3425925925925926 0.6905864197530864 0.3425925925925926 0.6905864197530864 0.3914609053497942 0.6107253086419753 0.3914609053497942
2 0.720679012345679 0.3410493827160494 0.7920524691358025 0.3410493827160494 0.7920524691358025 0.3873456790123457 0.720679012345679 0.3873456790123457
2 0.8487654320987654 0.3374485596707819 0.9266975308641975 0.3374485596707819 0.9266975308641975 0.3837448559670782 0.8487654320987654 0.3837448559670782
2 0.003472222222222222 0.7001028806584362 0.0787037037037037 0.7001028806584362 0.0787037037037037 0.7458847736625515 0.003472222222222222 0.7458847736625515
2 0.12885802469135801 0.7011316872427984 0.20871913580246915 0.7011316872427984 0.20871913580246915 0.7438271604938271 0.12885802469135801 0.7438271604938271
2 0.28125 0.7037037037037037 0.35648148148148145 0.7037037037037037 0.35648148148148145 0.7448559670781894 0.28125 0.7448559670781894
2 0.45717592592592593 0.7073045267489712 0.5370370370370371 0.7073045267489712 0.5370370370370371 0.7525720164609053 0.45717592592592593 0.7525720164609053
0 0.6238425925925926 0.706275720164609 0.6979166666666666 0.706275720164609 0.6979166666666666 0.7474279835390947 0.6238425925925926 0.7474279835390947
0 0.7515432098765432 0.7088477366255144 0.8294753086419753 0.7088477366255144 0.8294753086419753 0.7469135802469136 0.7515432098765432 0.7469135802469136
0 0.876929012345679 0.7011316872427984 0.9560185185185185 0.7011316872427984 0.9560185185185185 0.7479423868312757 0.876929012345679 0.7479423868312757
1 0.0 0.8739711934156379 0.06018518518518518 0.8739711934156379 0.06018518518518518 0.9233539094650206 0.0 0.9233539094650206
2 0.10532407407407407 0.8755144032921811 0.1712962962962963 0.8755144032921811 0.1712962962962963 0.9233539094650206 0.10532407407407407 0.9233539094650206
2 0.20679012345679013 0.8744855967078189 0.27662037037037035 0.8744855967078189 0.27662037037037035 0.926954732510288 0.20679012345679013 0.926954732510288
2 0.3707561728395062 0.8791152263374485 0.4382716049382716 0.8791152263374485 0.4382716049382716 0.926954732510288 0.3707561728395062 0.926954732510288
2 0.5108024691358025 0.8806584362139918 0.5837191358024691 0.8806584362139918 0.5837191358024691 0.9259259259259259 0.5108024691358025 0.9259259259259259
0 0.6624228395061729 0.8775720164609053 0.7364969135802469 0.8775720164609053 0.7364969135802469 0.918724279835391 0.6624228395061729 0.918724279835391
0 0.7808641975308642 0.8729423868312757 0.845679012345679 0.8729423868312757 0.845679012345679 0.9156378600823045 0.7808641975308642 0.9156378600823045
0 0.8969907407407407 0.8760288065843621 0.9714506172839507 0.8760288065843621 0.9714506172839507 0.9207818930041153 0.8969907407407407 0.9207818930041153
4 0.2785493827160494 0.026234567901234566 0.32060185185185186 0.026234567901234566 0.32060185185185186 0.06018518518518518 0.2785493827160494 0.06018518518518518
4 0.566358024691358 0.023662551440329218 0.6030092592592593 0.023662551440329218 0.6030092592592593 0.06378600823045268 0.566358024691358 0.06378600823045268
4 0.2662037037037037 0.5102880658436214 0.30671296296296297 0.5102880658436214 0.30671296296296297 0.5617283950617284 0.2662037037037037 0.5617283950617284
4 0.5239197530864198 0.5180041152263375 0.5393518518518519 0.5612139917695473 0.5173611111111112 0.5751028806584362 0.501929012345679 0.5318930041152263
4 0.7650462962962963 0.5241769547325102 0.8051697530864198 0.5241769547325102 0.8051697530864198 0.565843621399177 0.7650462962962963 0.565843621399177
