0 0.09027777777777778 0.12757201646090535 0.16087962962962962 0.12757201646090535 0.16087962962962962 0.169238683127572 0.09027777777777778 0.169238683127572
0 0.2700617283950617 0.11882716049382716 0.33371913580246915 0.11882716049382716 0.33371913580246915 0.16152263374485595 0.2700617283950617 0.16152263374485595
0 0.4166666666666667 0.11265432098765432 0.48649691358024694 0.11265432098765432 0.48649691358024694 0.16152263374485595 0.4166666666666667 0.16152263374485595
0 0.5871913580246914 0.11522633744855967 0.6520061728395061 0.11522633744855967 0.6520061728395061 0.15792181069958847 0.5871913580246914 0.15792181069958847
0 0.7172067901234568 0.10545267489711935 0.7847222222222222 0.10545267489711935 0.7847222222222222 0.14866255144032922 0.7172067901234568 0.14866255144032922
0 0.8692129629629629 0.0941358024691358 0.9313271604938271 0.0941358024691358 0.9313271604938271 0.14300411522633744 0.8692129629629629 0.14300411522633744
0 0.12962962962962962 0.3019547325102881 0.19560185185185186 0.3019547325102881 0.19560185185185186 0.3487654320987654 0.12962962962962962 0.3487654320987654
0 0.32060185185185186 0.29835390946502055 0.3819444444444444 0.29835390946502055 0.3819444444444444 0.3436213991769547 0.32060185185185186 0.3436213991769547
0 0.5821759259259259 0.2932098765432099 0.6462191358024691 0.2932098765432099 0.6462191358024691 0.3359053497942387 0.5821759259259259 0.3359053497942387
0 0.8391203703703703 0.2829218106995885 0.9050925925925926 0.2788065843621399 0.9066358024691358 0.31995884773662553 0.8410493827160493 0.3245884773662551
0 0.034722222222222224 0.5483539094650206 0.10416666666666667 0.5483539094650206 0.10416666666666667 0.5946502057613169 0.034722222222222224 0.5946502057613169
0 0.3236882716049383 0.5329218106995884 0.3923611111111111 0.5329218106995884 0.3923611111111111 0.5771604938271605 0.3236882716049383 0.5771604938271605
0 0.5833333333333334 0.5303497942386831 0.6493055555555556 0.5303497942386831 0.6493055555555556 0.5745884773662552 0.5833333333333334 0.5745884773662552
0 0.7932098765432098 0.5190329218106996 0.8599537037037037 0.5190329218106996 0.8599537037037037 0.5617283950617284 0.7932098765432098 0.5617283950617284
0 0.0038580246913580245 0.7350823045267489 0.07484567901234568 0.7319958847736625 0.07561728395061729 0.772119341563786 0.005015432098765432 0.7757201646090535
0 0.20794753086419754 0.7237654320987654 0.27662037037037035 0.7237654320987654 0.27662037037037035 0.7638888888888888 0.20794753086419754 0.7638888888888888
0 0.37808641975308643 0.7124485596707819 0.44675925925925924 0.7124485596707819 0.44675925925925924 0.7541152263374485 0.37808641975308643 0.7541152263374485
0 0.595679012345679 0.6949588477366255 0.6658950617283951 0.6949588477366255 0.6658950617283951 0.7386831275720165 0.595679012345679 0.7386831275720165
0 0.8090277777777778 0.6826131687242798 0.8722993827160493 0.6826131687242798 0.8722993827160493 0.7289094650205762 0.8090277777777778 0.7289094650205762
2 0.22492283950617284 0.9619341563786008 0.3005401234567901 0.9619341563786008 0.3005401234567901 0.9994855967078189 0.22492283950617284 0.9994855967078189
0 0.39891975308641975 0.9398148148148148 0.4799382716049383 0.9398148148148148 0.4799382716049383 0.9835390946502057 0.39891975308641975 0.9835390946502057
2 0.5628858024691358 0.9356995884773662 0.6388888888888888 0.9356995884773662 0.6388888888888888 0.9747942386831275 0.5628858024691358 0.9747942386831275
0 0.7449845679012346 0.9295267489711934 0.8148148148148148 0.9295267489711934 0.8148148148148148 0.9722222222222222 0.7449845679012346 0.9722222222222222
2 0.8746141975308642 0.9248971193415638 0.9506172839506173 0.918724279835391 0.9525462962962963 0.9598765432098766 0.8765432098765432 0.9660493827160493
4 0.016203703703703703 0.10390946502057613 0.09027777777777778 0.11162551440329219 0.08834876543209877 0.14660493827160495 0.013888888888888888 0.1388888888888889
4 0.05594135802469136 0.3482510288065844 0.08256172839506173 0.3487654320987654 0.08217592592592593 0.3852880658436214 0.05555555555555555 0.38477366255144035
4 0.8013117283950617 0.35185185185185186 0.8263888888888888 0.34516460905349794 0.8325617283950617 0.3837448559670782 0.8070987654320988 0.3904320987654321
4 0.5902777777777778 0.4398148148148148 0.6176697530864198 0.4403292181069959 0.6172839506172839 0.4727366255144033 0.589891975308642 0.4722222222222222
4 0.7920524691358025 0.45267489711934156 0.8722993827160493 0.4742798353909465 0.8672839506172839 0.5061728395061729 0.7870370370370371 0.4845679012345679
4 0.03973765432098766 0.48302469135802467 0.13155864197530864 0.5241769547325102 0.12229938271604938 0.5596707818930041 0.030478395061728395 0.5185185185185185
4 0.9259259259259259 0.5468106995884774 0.9868827160493827 0.5468106995884774 0.9868827160493827 0.5807613168724279 0.9259259259259259 0.5807613168724279
4 0.16165123456790123 0.6064814814814815 0.20871913580246915 0.6064814814814815 0.20871913580246915 0.6630658436213992 0.16165123456790123 0.6630658436213992
4 0.008487654320987654 0.6018518518518519 0.041666666666666664 0.595679012345679 0.04513888888888889 0.6296296296296297 0.011574074074074073 0.6358024691358025
4 0.32677469135802467 0.6064814814814815 0.404320987654321 0.5848765432098766 0.40933641975308643 0.6172839506172839 0.3317901234567901 0.6383744855967078
4 0.6358024691358025 0.6296296296296297 0.6709104938271605 0.6296296296296297 0.6709104938271605 0.668724279835391 0.6358024691358025 0.668724279835391
4 0.45023148148148145 0.6347736625514403 0.47415123456790126 0.6347736625514403 0.47415123456790126 0.6661522633744856 0.45023148148148145 0.6661522633744856
4 0.9606481481481481 0.6121399176954733 1.0 0.6121399176954733 1.0 0.654320987654321 0.9606481481481481 0.654320987654321
4 0.1419753086419753 0.7484567901234568 0.2052469135802469 0.7268518518518519 0.21257716049382716 0.7638888888888888 0.14891975308641975 0.7854938271604939
4 0.1863425925925926 0.9387860082304527 0.27314814814814814 0.8786008230452675 0.2820216049382716 0.9017489711934157 0.19521604938271606 0.9619341563786008
4 0.6373456790123457 0.9038065843621399 0.6658950617283951 0.8873456790123457 0.6793981481481481 0.9284979423868313 0.6508487654320988 0.9449588477366255
4 0.9753086419753086 0.8713991769547325 0.9996141975308642 0.8837448559670782 0.9884259259259259 0.9218106995884774 0.9645061728395061 0.9094650205761317
3 0.0007716049382716049 0.9645061728395061 0.05632716049382716 0.9645061728395061 0.05632716049382716 0.9994855967078189 0.0007716049382716049 0.9994855967078189
