0 0.16550925925925927 0.13786008230452676 0.22839506172839505 0.13786008230452676 0.22839506172839505 0.18364197530864199 0.16550925925925927 0.18364197530864199
0 0.4174382716049383 0.1301440329218107 0.4799382716049383 0.1301440329218107 0.4799382716049383 0.1743827160493827 0.4174382716049383 0.1743827160493827
2 0.7658179012345679 0.11779835390946503 0.8298611111111112 0.11779835390946503 0.8298611111111112 0.16049382716049382 0.7658179012345679 0.16049382716049382
2 0.9162808641975309 0.11162551440329219 0.9776234567901234 0.11162551440329219 0.9776234567901234 0.16666666666666666 0.9162808641975309 0.16666666666666666
0 0.06635802469135803 0.44907407407407407 0.13503086419753085 0.4480452674897119 0.13541666666666666 0.49228395061728397 0.06674382716049383 0.4933127572016461
0 0.3028549382716049 0.43878600823045266 0.36419753086419754 0.43878600823045266 0.36419753086419754 0.4876543209876543 0.3028549382716049 0.4876543209876543
0 0.4035493827160494 0.6183127572016461 0.46566358024691357 0.6183127572016461 0.46566358024691357 0.6579218106995884 0.4035493827160494 0.6579218106995884
0 0.564429012345679 0.6090534979423868 0.6284722222222222 0.6090534979423868 0.6284722222222222 0.6579218106995884 0.564429012345679 0.6579218106995884
2 0.8900462962962963 0.602366255144033 0.9564043209876543 0.602366255144033 0.9564043209876543 0.6512345679012346 0.8900462962962963 0.6512345679012346
4 0.08063271604938271 0.06481481481481481 0.10725308641975309 0.07510288065843622 0.09953703703703703 0.10905349794238683 0.07330246913580248 0.09876543209876543
4 0.314429012345679 0.04989711934156379 0.3433641975308642 0.06275720164609054 0.3341049382716049 0.09876543209876543 0.3055555555555556 0.08590534979423868
4 0.5003858024691358 0.047839506172839504 0.5709876543209876 0.09825102880658436 0.5609567901234568 0.12345679012345678 0.4903549382716049 0.07304526748971193
4 0.8873456790123457 0.033950617283950615 0.9170524691358025 0.044753086419753084 0.9097222222222222 0.08127572016460906 0.8796296296296297 0.07047325102880658
4 0.05787037037037037 0.18055555555555555 0.13117283950617284 0.22530864197530864 0.12152777777777778 0.25308641975308643 0.04822530864197531 0.20833333333333334
4 0.28780864197530864 0.1748971193415638 0.3148148148148148 0.18364197530864199 0.30787037037037035 0.22067901234567902 0.28125 0.21193415637860083
4 0.5270061728395061 0.16769547325102882 0.6141975308641975 0.16769547325102882 0.6141975308641975 0.19650205761316872 0.5270061728395061 0.19650205761316872
4 0.7307098765432098 0.15895061728395063 0.8325617283950617 0.1779835390946502 0.8287037037037037 0.21193415637860083 0.7272376543209876 0.19290123456790123
4 0.0 0.4161522633744856 0.04089506172839506 0.4058641975308642 0.04513888888888889 0.43621399176954734 0.0038580246913580245 0.44598765432098764
4 0.22839506172839505 0.4027777777777778 0.25848765432098764 0.4027777777777778 0.25848765432098764 0.43621399176954734 0.22839506172839505 0.43621399176954734
4 0.3958333333333333 0.4012345679012346 0.4479166666666667 0.4012345679012346 0.4479166666666667 0.4351851851851852 0.3958333333333333 0.4351851851851852
4 0.6415895061728395 0.3924897119341564 0.6693672839506173 0.39351851851851855 0.6689814814814815 0.42746913580246915 0.6412037037037037 0.426440329218107
4 0.7349537037037037 0.3585390946502058 0.7584876543209876 0.3477366255144033 0.7665895061728395 0.3775720164609053 0.7430555555555556 0.3888888888888889
4 0.9502314814814815 0.3873456790123457 0.9749228395061729 0.389917695473251 0.9729938271604939 0.4228395061728395 0.9483024691358025 0.4202674897119342
4 0.08526234567901235 0.5169753086419753 0.16087962962962962 0.5190329218106996 0.16049382716049382 0.5617283950617284 0.08487654320987655 0.5596707818930041
4 0.47800925925925924 0.5030864197530864 0.5682870370370371 0.5030864197530864 0.5682870370370371 0.5370370370370371 0.47800925925925924 0.5370370370370371
4 0.7951388888888888 0.5 0.8838734567901234 0.5087448559670782 0.8823302469135802 0.5416666666666666 0.7932098765432098 0.5329218106995884
4 0.06558641975308642 0.6707818930041153 0.12924382716049382 0.7119341563786008 0.11921296296296297 0.7402263374485597 0.055169753086419755 0.6990740740740741
4 0.3460648148148148 0.6568930041152263 0.4185956790123457 0.6877572016460906 0.41087962962962965 0.7211934156378601 0.33796296296296297 0.6898148148148148
4 0.6446759259259259 0.6563786008230452 0.6678240740740741 0.6610082304526749 0.6639660493827161 0.6934156378600823 0.6408179012345679 0.6887860082304527
4 0.8005401234567902 0.6584362139917695 0.8796296296296297 0.6826131687242798 0.8746141975308642 0.7098765432098766 0.7959104938271605 0.6862139917695473
4 0.11882716049382716 0.8873456790123457 0.1431327160493827 0.9012345679012346 0.13387345679012347 0.9310699588477366 0.1091820987654321 0.9171810699588477
4 0.4548611111111111 0.8744855967078189 0.4799382716049383 0.8863168724279835 0.4710648148148148 0.9197530864197531 0.44598765432098764 0.9084362139917695
4 0.7033179012345679 0.8739711934156379 0.7662037037037037 0.9038065843621399 0.7581018518518519 0.9346707818930041 0.6948302469135802 0.904320987654321
4 0.9749228395061729 0.8755144032921811 0.9996141975308642 0.8755144032921811 0.9996141975308642 0.9089506172839507 0.9749228395061729 0.9089506172839507
4 0.6512345679012346 0.9593621399176955 0.6766975308641975 0.9593621399176955 0.6766975308641975 0.9933127572016461 0.6512345679012346 0.9933127572016461
4 0.8229166666666666 0.9614197530864198 0.8946759259259259 0.9531893004115226 0.8966049382716049 0.9814814814814815 0.8248456790123457 0.9902263374485597
