0 0.1427469135802469 0.0411522633744856 0.2349537037037037 0.0411522633744856 0.2349537037037037 0.0889917695473251 0.1427469135802469 0.0889917695473251
2 0.3819444444444444 0.040123456790123455 0.4722222222222222 0.040123456790123455 0.4722222222222222 0.09002057613168725 0.3819444444444444 0.09002057613168725
2 0.5879629629629629 0.03497942386831276 0.6728395061728395 0.03497942386831276 0.6728395061728395 0.08641975308641975 0.5879629629629629 0.08641975308641975
2 0.8834876543209876 0.03755144032921811 0.9679783950617284 0.03755144032921811 0.9679783950617284 0.09002057613168725 0.8834876543209876 0.09002057613168725
0 0.06365740740740741 0.1779835390946502 0.15123456790123457 0.1779835390946502 0.15123456790123457 0.23045267489711935 0.06365740740740741 0.23045267489711935
0 0.27546296296296297 0.17695473251028807 0.36072530864197533 0.17695473251028807 0.36072530864197533 0.22890946502057613 0.27546296296296297 0.22890946502057613
2 0.47685185185185186 0.1779835390946502 0.560570987654321 0.1779835390946502 0.560570987654321 0.2242798353909465 0.47685185185185186 0.2242798353909465
2 0.6867283950617284 0.18415637860082304 0.7638888888888888 0.18415637860082304 0.7638888888888888 0.23045267489711935 0.6867283950617284 0.23045267489711935
2 0.9239969135802469 0.1831275720164609 0.9926697530864198 0.1831275720164609 0.9926697530864198 0.2294238683127572 0.9239969135802469 0.2294238683127572
0 0.1728395061728395 0.5997942386831275 0.25771604938271603 0.5997942386831275 0.25771604938271603 0.6532921810699589 0.1728395061728395 0.6532921810699589
0 0.4363425925925926 0.5920781893004116 0.5231481481481481 0.5920781893004116 0.5231481481481481 0.6496913580246914 0.4363425925925926 0.6496913580246914
0 0.6643518518518519 0.5972222222222222 0.7469135802469136 0.5972222222222222 0.7469135802469136 0.6522633744855967 0.6643518518518519 0.6522633744855967
0 0.8861882716049383 0.595679012345679 0.9699074074074074 0.595679012345679 0.9699074074074074 0.6496913580246914 0.8861882716049383 0.6496913580246914
0 0.15895061728395063 0.7386831275720165 0.22646604938271606 0.7386831275720165 0.22646604938271606 0.7839506172839507 0.15895061728395063 0.7839506172839507
0 0.39776234567901236 0.7325102880658436 0.48148148148148145 0.7325102880658436 0.48148148148148145 0.7803497942386831 0.39776234567901236 0.7803497942386831
0 0.560570987654321 0.7325102880658436 0.6454475308641975 0.7325102880658436 0.6454475308641975 0.7926954732510288 0.560570987654321 0.7926954732510288
0 0.7253086419753086 0.7361111111111112 0.8005401234567902 0.7361111111111112 0.8005401234567902 0.7854938271604939 0.7253086419753086 0.7854938271604939
0 0.8823302469135802 0.7386831275720165 0.9614197530864198 0.7386831275720165 0.9614197530864198 0.7916666666666666 0.8823302469135802 0.7916666666666666
3 0.0 0.9722222222222222 0.06674382716049383 0.9722222222222222 0.06674382716049383 0.9994855967078189 0.0 0.9994855967078189
3 0.20601851851851852 0.9645061728395061 0.29012345679012347 0.9645061728395061 0.29012345679012347 0.9994855967078189 0.20601851851851852 0.9994855967078189
3 0.37808641975308643 0.9660493827160493 0.4618055555555556 0.9660493827160493 0.4618055555555556 0.9994855967078189 0.37808641975308643 0.9994855967078189
3 0.5729166666666666 0.9660493827160493 0.6558641975308642 0.9660493827160493 0.6558641975308642 0.9994855967078189 0.5729166666666666 0.9994855967078189
3 0.7527006172839507 0.9619341563786008 0.8287037037037037 0.9619341563786008 0.8287037037037037 0.9994855967078189 0.7527006172839507 0.9994855967078189
3 0.9116512345679012 0.9732510288065843 0.9830246913580247 0.9732510288065843 0.9830246913580247 0.9994855967078189 0.9116512345679012 0.9994855967078189
