2 0.010030864197530864 0.06532921810699588 0.07600308641975309 0.06532921810699588 0.07600308641975309 0.11676954732510288 0.010030864197530864 0.11676954732510288
2 0.40084876543209874 0.05401234567901234 0.45794753086419754 0.05401234567901234 0.45794753086419754 0.102880658436214 0.40084876543209874 0.102880658436214
2 0.1701388888888889 0.21450617283950618 0.2368827160493827 0.21450617283950618 0.2368827160493827 0.26440329218106995 0.1701388888888889 0.26440329218106995
2 0.42322530864197533 0.21707818930041153 0.4930555555555556 0.21707818930041153 0.4930555555555556 0.26440329218106995 0.42322530864197533 0.26440329218106995
2 0.7299382716049383 0.20936213991769548 0.7959104938271605 0.20936213991769548 0.7959104938271605 0.25565843621399176 0.7299382716049383 0.25565843621399176
3 0.9444444444444444 0.205761316872428 1.0 0.205761316872428 1.0 0.24948559670781892 0.9444444444444444 0.24948559670781892
2 0.1257716049382716 0.4176954732510288 0.19367283950617284 0.4176954732510288 0.19367283950617284 0.47016460905349794 0.1257716049382716 0.47016460905349794
2 0.38078703703703703 0.4161522633744856 0.44367283950617287 0.4161522633744856 0.44367283950617287 0.4619341563786008 0.38078703703703703 0.4619341563786008
2 0.6076388888888888 0.4125514403292181 0.6689814814814815 0.4125514403292181 0.6689814814814815 0.45781893004115226 0.6076388888888888 0.45781893004115226
2 0.8175154320987654 0.40997942386831276 0.875 0.40997942386831276 0.875 0.4588477366255144 0.8175154320987654 0.4588477366255144
3 0.9745370370370371 0.4027777777777778 1.0 0.4027777777777778 1.0 0.4567901234567901 0.9745370370370371 0.4567901234567901
2 0.03742283950617284 0.5946502057613169 0.10069444444444445 0.5946502057613169 0.10069444444444445 0.6409465020576132 0.03742283950617284 0.6409465020576132
2 0.17785493827160495 0.5931069958847737 0.23726851851851852 0.5931069958847737 0.23726851851851852 0.6388888888888888 0.17785493827160495 0.6388888888888888
2 0.5154320987654321 0.5797325102880658 0.5787037037037037 0.5797325102880658 0.5787037037037037 0.6332304526748971 0.5154320987654321 0.6332304526748971
2 0.7515432098765432 0.5745884773662552 0.8101851851851852 0.5745884773662552 0.8101851851851852 0.6234567901234568 0.7515432098765432 0.6234567901234568
2 0.13503086419753085 0.8055555555555556 0.19483024691358025 0.8055555555555556 0.19483024691358025 0.8569958847736625 0.13503086419753085 0.8569958847736625
2 0.28125 0.8040123456790124 0.33603395061728397 0.8040123456790124 0.33603395061728397 0.8533950617283951 0.28125 0.8533950617283951
2 0.5844907407407407 0.7901234567901234 0.6473765432098766 0.7901234567901234 0.6473765432098766 0.838477366255144 0.5844907407407407 0.838477366255144
2 0.7986111111111112 0.7870370370370371 0.8587962962962963 0.7870370370370371 0.8587962962962963 0.831275720164609 0.7986111111111112 0.831275720164609
3 0.49691358024691357 0.9655349794238683 0.5640432098765432 0.9655349794238683 0.5640432098765432 1.0 0.49691358024691357 1.0
3 0.6925154320987654 0.9681069958847737 0.7627314814814815 0.9681069958847737 0.7627314814814815 0.9984567901234568 0.6925154320987654 0.9984567901234568
3 0.8915895061728395 0.9506172839506173 0.9467592592592593 0.9506172839506173 0.9467592592592593 0.9994855967078189 0.8915895061728395 0.9994855967078189
4 0.5941358024691358 0.02109053497942387 0.6084104938271605 0.038580246913580245 0.5787037037037037 0.08076131687242798 0.5648148148148148 0.06327160493827161
4 0.9000771604938271 0.01748971193415638 0.9212962962962963 0.01748971193415638 0.9212962962962963 0.04526748971193416 0.9000771604938271 0.04526748971193416
4 0.0 0.38477366255144035 0.02700617283950617 0.38477366255144035 0.02700617283950617 0.4367283950617284 0.0 0.4367283950617284
4 0.3341049382716049 0.24691358024691357 0.3576388888888889 0.2525720164609053 0.35300925925925924 0.286522633744856 0.32947530864197533 0.2808641975308642
4 0.6307870370370371 0.27469135802469136 0.6847993827160493 0.24948559670781892 0.6925154320987654 0.27983539094650206 0.6388888888888888 0.30504115226337447
4 0.3244598765432099 0.3287037037037037 0.35648148148148145 0.3287037037037037 0.35648148148148145 0.3724279835390947 0.3244598765432099 0.3724279835390947
4 0.6782407407407407 0.3369341563786008 0.7337962962962963 0.39197530864197533 0.716820987654321 0.4228395061728395 0.6608796296296297 0.36728395061728397
4 0.8665123456790124 0.2397119341563786 0.9031635802469136 0.2397119341563786 0.9031635802469136 0.28703703703703703 0.8665123456790124 0.28703703703703703
4 0.29899691358024694 0.8251028806584362 0.36226851851851855 0.7752057613168725 0.3742283950617284 0.8024691358024691 0.3109567901234568 0.852880658436214
3 0.14621913580246915 0.977880658436214 0.2052469135802469 0.977880658436214 0.2052469135802469 0.9963991769547325 0.14621913580246915 0.9963991769547325
4 0.9853395061728395 0.7530864197530864 0.9996141975308642 0.7530864197530864 0.9996141975308642 0.7947530864197531 0.9853395061728395 0.7947530864197531
3 0.9876543209876543 0.5684156378600823 0.9996141975308642 0.5684156378600823 0.9996141975308642 0.6229423868312757 0.9876543209876543 0.6229423868312757
