2 0.02044753086419753 0.05864197530864197 0.09760802469135803 0.05864197530864197 0.09760802469135803 0.10545267489711935 0.02044753086419753 0.10545267489711935
2 0.2924382716049383 0.05401234567901234 0.3722993827160494 0.05401234567901234 0.3722993827160494 0.10390946502057613 0.2924382716049383 0.10390946502057613
0 0.6180555555555556 0.051440329218107 0.6944444444444444 0.051440329218107 0.6944444444444444 0.09619341563786009 0.6180555555555556 0.09619341563786009
2 0.006558641975308642 0.24588477366255143 0.0798611111111111 0.24588477366255143 0.0798611111111111 0.2957818930041152 0.006558641975308642 0.2957818930041152
0 0.2623456790123457 0.25205761316872427 0.33564814814814814 0.25205761316872427 0.33564814814814814 0.29835390946502055 0.2623456790123457 0.29835390946502055
0 0.4930555555555556 0.25205761316872427 0.5652006172839507 0.25205761316872427 0.5652006172839507 0.30349794238683125 0.4930555555555556 0.30349794238683125
0 0.7094907407407407 0.25823045267489714 0.7789351851851852 0.25823045267489714 0.7789351851851852 0.30606995884773663 0.7094907407407407 0.30606995884773663
0 0.1909722222222222 0.5092592592592593 0.2650462962962963 0.5092592592592593 0.2650462962962963 0.5581275720164609 0.1909722222222222 0.5581275720164609
0 0.5192901234567902 0.5169753086419753 0.591820987654321 0.5169753086419753 0.591820987654321 0.5606995884773662 0.5192901234567902 0.5606995884773662
0 0.8202160493827161 0.5241769547325102 0.8900462962962963 0.5241769547325102 0.8900462962962963 0.5694444444444444 0.8202160493827161 0.5694444444444444
0 0.006944444444444444 0.7458847736625515 0.0775462962962963 0.7510288065843621 0.07523148148148148 0.8076131687242798 0.004243827160493827 0.801954732510288
2 0.19174382716049382 0.7515432098765432 0.2654320987654321 0.7515432098765432 0.2654320987654321 0.8029835390946503 0.19174382716049382 0.8029835390946503
0 0.46566358024691357 0.7561728395061729 0.5335648148148148 0.7561728395061729 0.5335648148148148 0.8065843621399177 0.46566358024691357 0.8065843621399177
0 0.6755401234567902 0.7577160493827161 0.7488425925925926 0.7577160493827161 0.7488425925925926 0.809156378600823 0.6755401234567902 0.809156378600823
0 0.9004629629629629 0.7602880658436214 0.9679783950617284 0.7602880658436214 0.9679783950617284 0.8179012345679012 0.9004629629629629 0.8179012345679012
4 0.19367283950617284 0.022119341563786008 0.21875 0.029835390946502057 0.21257716049382716 0.06738683127572016 0.1875 0.059670781893004114
4 0.5408950617283951 0.02263374485596708 0.5690586419753086 0.02263374485596708 0.5690586419753086 0.055041152263374485 0.5408950617283951 0.055041152263374485
4 0.7881944444444444 0.013374485596707819 0.814429012345679 0.023662551440329218 0.8078703703703703 0.05298353909465021 0.7816358024691358 0.042695473251028807
4 0.18055555555555555 0.11162551440329219 0.26350308641975306 0.1301440329218107 0.25848765432098764 0.16872427983539096 0.17554012345679013 0.15020576131687244
4 0.5470679012345679 0.09465020576131687 0.5756172839506173 0.102880658436214 0.5702160493827161 0.13786008230452676 0.5416666666666666 0.12962962962962962
4 0.47800925925925924 0.17644032921810698 0.5682870370370371 0.19032921810699588 0.5652006172839507 0.22633744855967078 0.47492283950617287 0.21296296296296297
4 0.6902006172839507 0.17541152263374485 0.7121913580246914 0.18415637860082304 0.7037037037037037 0.22170781893004116 0.6817129629629629 0.21296296296296297
4 0.7901234567901234 0.2175925925925926 0.8155864197530864 0.22633744855967078 0.8090277777777778 0.26337448559670784 0.783179012345679 0.2551440329218107
4 0.9537037037037037 0.21810699588477367 0.9988425925925926 0.2463991769547325 0.9884259259259259 0.2767489711934156 0.9429012345679012 0.24845679012345678
4 0.1261574074074074 0.29218106995884774 0.14891975308641975 0.30092592592592593 0.1396604938271605 0.34310699588477367 0.11689814814814815 0.3343621399176955
4 0.40239197530864196 0.29989711934156377 0.43209876543209874 0.30709876543209874 0.4270833333333333 0.3472222222222222 0.39737654320987653 0.3405349794238683
4 0.6381172839506173 0.3029835390946502 0.6639660493827161 0.30864197530864196 0.6593364197530864 0.3487654320987654 0.6334876543209876 0.34310699588477367
4 0.8904320987654321 0.3153292181069959 0.9625771604938271 0.3636831275720165 0.9537037037037037 0.3868312757201646 0.8815586419753086 0.338477366255144
4 0.06867283950617284 0.3734567901234568 0.09297839506172839 0.38425925925925924 0.08217592592592593 0.42746913580246915 0.05787037037037037 0.4166666666666667
4 0.016975308641975308 0.4645061728395062 0.04128086419753087 0.4727366255144033 0.03433641975308642 0.5092592592592593 0.010030864197530864 0.5015432098765432
4 0.35802469135802467 0.38323045267489714 0.38850308641975306 0.3966049382716049 0.37885802469135804 0.4346707818930041 0.34837962962962965 0.4207818930041152
4 0.6037808641975309 0.37962962962962965 0.6311728395061729 0.3976337448559671 0.6157407407407407 0.43878600823045266 0.5887345679012346 0.4212962962962963
4 0.9506172839506173 0.3873456790123457 0.9791666666666666 0.3976337448559671 0.9710648148148148 0.4403292181069959 0.9421296296296297 0.4305555555555556
4 0.8244598765432098 0.4351851851851852 0.8580246913580247 0.44393004115226337 0.8522376543209876 0.4835390946502058 0.8186728395061729 0.4747942386831276
4 0.6412037037037037 0.48559670781893005 0.716820987654321 0.5056584362139918 0.7137345679012346 0.5241769547325102 0.6385030864197531 0.5041152263374485
4 0.36612654320987653 0.46810699588477367 0.3942901234567901 0.48045267489711935 0.38580246913580246 0.5169753086419753 0.35725308641975306 0.5046296296296297
4 0.9517746913580247 0.4845679012345679 0.9992283950617284 0.49382716049382713 0.9965277777777778 0.5180041152263375 0.9490740740740741 0.5087448559670782
4 0.09953703703703703 0.6779835390946503 0.17862654320987653 0.6574074074074074 0.18209876543209877 0.6815843621399177 0.10300925925925926 0.7021604938271605
4 0.31712962962962965 0.6486625514403292 0.39544753086419754 0.6239711934156379 0.40046296296296297 0.6517489711934157 0.32175925925925924 0.676440329218107
4 0.4540895061728395 0.5570987654320988 0.4845679012345679 0.5694444444444444 0.47723765432098764 0.602366255144033 0.44675925925925924 0.5900205761316872
4 0.7824074074074074 0.5679012345679012 0.847608024691358 0.5889917695473251 0.8429783950617284 0.6157407407407407 0.777391975308642 0.5946502057613169
4 0.5752314814814815 0.6466049382716049 0.6766975308641975 0.6075102880658436 0.6840277777777778 0.6399176954732511 0.5821759259259259 0.6790123456790124
4 0.7442129629629629 0.6846707818930041 0.8271604938271605 0.668724279835391 0.8302469135802469 0.6965020576131687 0.7472993827160493 0.7129629629629629
4 0.9691358024691358 0.6923868312757202 0.9992283950617284 0.6923868312757202 0.9992283950617284 0.7299382716049383 0.9691358024691358 0.7299382716049383
4 0.10069444444444445 0.7988683127572016 0.19791666666666666 0.8266460905349794 0.19174382716049382 0.8652263374485597 0.0941358024691358 0.8374485596707819
4 0.33217592592592593 0.8189300411522634 0.41280864197530864 0.8096707818930041 0.41473765432098764 0.8379629629629629 0.33371913580246915 0.8467078189300411
4 0.5864197530864198 0.815843621399177 0.6716820987654321 0.838477366255144 0.6678240740740741 0.8652263374485597 0.5825617283950617 0.8420781893004116
4 0.7827932098765432 0.8137860082304527 0.8109567901234568 0.8106995884773662 0.8132716049382716 0.8508230452674898 0.785108024691358 0.8539094650205762
