3 0.0 0.23559670781893005 0.05092592592592592 0.23559670781893005 0.05092592592592592 0.2906378600823045 0.0 0.2906378600823045
0 0.10648148148148148 0.23199588477366256 0.18441358024691357 0.22993827160493827 0.18479938271604937 0.286522633744856 0.10686728395061729 0.28858024691358025
0 0.310570987654321 0.23199588477366256 0.3792438271604938 0.23199588477366256 0.3792438271604938 0.2844650205761317 0.310570987654321 0.2844650205761317
0 0.45717592592592593 0.22685185185185186 0.5324074074074074 0.22685185185185186 0.5324074074074074 0.2808641975308642 0.45717592592592593 0.2808641975308642
0 0.6114969135802469 0.22685185185185186 0.6793981481481481 0.22685185185185186 0.6793981481481481 0.2772633744855967 0.6114969135802469 0.2772633744855967
0 0.7129629629629629 0.21965020576131689 0.7939814814814815 0.21965020576131689 0.7939814814814815 0.28189300411522633 0.7129629629629629 0.28189300411522633
0 0.873070987654321 0.2222222222222222 0.9567901234567902 0.2222222222222222 0.9567901234567902 0.2762345679012346 0.873070987654321 0.2762345679012346
1 0.0 0.38271604938271603 0.04205246913580247 0.38271604938271603 0.04205246913580247 0.4351851851851852 0.0 0.4351851851851852
0 0.09567901234567901 0.3837448559670782 0.16473765432098766 0.3837448559670782 0.16473765432098766 0.4418724279835391 0.09567901234567901 0.4418724279835391
0 0.22299382716049382 0.38477366255144035 0.3074845679012346 0.38477366255144035 0.3074845679012346 0.44393004115226337 0.22299382716049382 0.44393004115226337
0 0.38233024691358025 0.37962962962962965 0.4513888888888889 0.37037037037037035 0.4567901234567901 0.43569958847736623 0.3873456790123457 0.44495884773662553
0 0.48996913580246915 0.3724279835390947 0.5652006172839507 0.3724279835390947 0.5652006172839507 0.43621399176954734 0.48996913580246915 0.43621399176954734
0 0.6138117283950617 0.37397119341563784 0.6882716049382716 0.37397119341563784 0.6882716049382716 0.43724279835390945 0.6138117283950617 0.43724279835390945
0 0.7596450617283951 0.3765432098765432 0.8433641975308642 0.3765432098765432 0.8433641975308642 0.4367283950617284 0.7596450617283951 0.4367283950617284
0 0.9189814814814815 0.3662551440329218 0.9972993827160493 0.3662551440329218 0.9972993827160493 0.43004115226337447 0.9189814814814815 0.43004115226337447
2 0.05401234567901234 0.6193415637860082 0.13657407407407407 0.6152263374485597 0.1381172839506173 0.6671810699588477 0.055169753086419755 0.6712962962962963
2 0.18518518518518517 0.6147119341563786 0.2650462962962963 0.6147119341563786 0.2650462962962963 0.6712962962962963 0.18518518518518517 0.6712962962962963
2 0.29822530864197533 0.6141975308641975 0.3761574074074074 0.6121399176954733 0.376929012345679 0.661522633744856 0.29899691358024694 0.6640946502057613
2 0.4047067901234568 0.6095679012345679 0.49421296296296297 0.6095679012345679 0.49421296296296297 0.6692386831275721 0.4047067901234568 0.6692386831275721
2 0.5401234567901234 0.6157407407407407 0.6199845679012346 0.6157407407407407 0.6199845679012346 0.6759259259259259 0.5401234567901234 0.6759259259259259
2 0.6624228395061729 0.6121399176954733 0.7442129629629629 0.6121399176954733 0.7442129629629629 0.6707818930041153 0.6624228395061729 0.6707818930041153
2 0.8125 0.6095679012345679 0.9004629629629629 0.6095679012345679 0.9004629629629629 0.6661522633744856 0.8125 0.6661522633744856
3 0.9764660493827161 0.6095679012345679 0.9996141975308642 0.6095679012345679 0.9996141975308642 0.6646090534979424 0.9764660493827161 0.6646090534979424
4 0.07098765432098765 0.19393004115226337 0.11342592592592593 0.19393004115226337 0.11342592592592593 0.22067901234567902 0.07098765432098765 0.22067901234567902
4 0.251929012345679 0.1882716049382716 0.283179012345679 0.1882716049382716 0.283179012345679 0.23045267489711935 0.251929012345679 0.23045267489711935
4 0.5871913580246914 0.16820987654320987 0.6041666666666666 0.18930041152263374 0.5806327160493827 0.2227366255144033 0.5632716049382716 0.20164609053497942
4 0.06018518518518518 0.2932098765432099 0.08603395061728394 0.2932098765432099 0.08603395061728394 0.3245884773662551 0.06018518518518518 0.3245884773662551
4 0.5648148148148148 0.2952674897119342 0.5814043209876543 0.27469135802469136 0.6014660493827161 0.3029835390946502 0.5852623456790124 0.323559670781893
4 0.8032407407407407 0.28703703703703703 0.8244598765432098 0.27211934156378603 0.8371913580246914 0.3045267489711934 0.8159722222222222 0.31893004115226337
4 0.33603395061728397 0.8204732510288066 0.37114197530864196 0.8348765432098766 0.3587962962962963 0.8868312757201646 0.32407407407407407 0.8724279835390947
4 0.6238425925925926 0.8544238683127572 0.6462191358024691 0.8966049382716049 0.6080246913580247 0.9320987654320988 0.5856481481481481 0.8899176954732511
4 0.35648148148148145 0.956275720164609 0.3765432098765432 0.9079218106995884 0.4074074074074074 0.9310699588477366 0.3873456790123457 0.9789094650205762
4 0.32098765432098764 0.9238683127572016 0.345679012345679 0.8791152263374485 0.3738425925925926 0.9068930041152263 0.34953703703703703 0.9511316872427984
