0 0.3449074074074074 0.11779835390946503 0.4270833333333333 0.11779835390946503 0.4270833333333333 0.1697530864197531 0.3449074074074074 0.1697530864197531
0 0.7017746913580247 0.10545267489711935 0.7808641975308642 0.10545267489711935 0.7808641975308642 0.15689300411522633 0.7017746913580247 0.15689300411522633
0 0.062114197530864196 0.27109053497942387 0.1427469135802469 0.27109053497942387 0.1427469135802469 0.31995884773662553 0.062114197530864196 0.31995884773662553
0 0.2924382716049383 0.25462962962962965 0.3722993827160494 0.25462962962962965 0.3722993827160494 0.30606995884773663 0.2924382716049383 0.30606995884773663
0 0.5277777777777778 0.2417695473251029 0.6037808641975309 0.2417695473251029 0.6037808641975309 0.29475308641975306 0.5277777777777778 0.29475308641975306
0 0.6793981481481481 0.2417695473251029 0.7565586419753086 0.2417695473251029 0.7565586419753086 0.2911522633744856 0.6793981481481481 0.2911522633744856
0 0.1257716049382716 0.5416666666666666 0.2152777777777778 0.5416666666666666 0.2152777777777778 0.5982510288065843 0.1257716049382716 0.5982510288065843
0 0.5652006172839507 0.5118312757201646 0.6500771604938271 0.5118312757201646 0.6500771604938271 0.5704732510288066 0.5652006172839507 0.5704732510288066
2 0.8834876543209876 0.5015432098765432 0.9567901234567902 0.5015432098765432 0.9567901234567902 0.5545267489711934 0.8834876543209876 0.5545267489711934
3 0.0 0.8076131687242798 0.04398148148148148 0.8076131687242798 0.04398148148148148 0.8636831275720165 0.0 0.8636831275720165
2 0.2334104938271605 0.7890946502057613 0.3140432098765432 0.7890946502057613 0.3140432098765432 0.8477366255144033 0.2334104938271605 0.8477366255144033
2 0.46064814814814814 0.7700617283950617 0.5389660493827161 0.7649176954732511 0.5408950617283951 0.823045267489712 0.46257716049382713 0.8281893004115226
2 0.6678240740740741 0.7474279835390947 0.7438271604938271 0.7422839506172839 0.7457561728395061 0.7988683127572016 0.6697530864197531 0.8040123456790124
2 0.8738425925925926 0.7361111111111112 0.9594907407407407 0.7361111111111112 0.9594907407407407 0.7988683127572016 0.8738425925925926 0.7988683127572016
4 0.16705246913580246 0.11213991769547325 0.19830246913580246 0.12139917695473251 0.1909722222222222 0.1640946502057613 0.16010802469135801 0.15534979423868311
4 0.5084876543209876 0.10185185185185185 0.6053240740740741 0.10905349794238683 0.6033950617283951 0.15020576131687244 0.5069444444444444 0.14300411522633744
4 0.8356481481481481 0.08333333333333333 0.9228395061728395 0.09259259259259259 0.9209104938271605 0.125 0.8337191358024691 0.11574074074074074
4 0.031635802469135804 0.32098765432098764 0.11188271604938271 0.33487654320987653 0.1087962962962963 0.36574074074074076 0.02854938271604938 0.3523662551440329
4 0.24074074074074073 0.3117283950617284 0.33487654320987653 0.30606995884773663 0.33603395061728397 0.338477366255144 0.24189814814814814 0.3441358024691358
4 0.498070987654321 0.29012345679012347 0.6010802469135802 0.3096707818930041 0.597608024691358 0.34310699588477367 0.49459876543209874 0.323559670781893
4 0.7808641975308642 0.28703703703703703 0.8584104938271605 0.294238683127572 0.8568672839506173 0.3204732510288066 0.779320987654321 0.3132716049382716
4 0.9286265432098766 0.2767489711934156 0.998070987654321 0.2767489711934156 0.998070987654321 0.30504115226337447 0.9286265432098766 0.30504115226337447
4 0.015817901234567902 0.5324074074074074 0.11844135802469136 0.5529835390946503 0.11535493827160494 0.5792181069958847 0.01273148148148148 0.558641975308642
4 0.3792438271604938 0.5056584362139918 0.46103395061728397 0.507201646090535 0.46064814814814814 0.5272633744855967 0.37885802469135804 0.5257201646090535
4 0.8306327160493827 0.48302469135802467 0.9320987654320988 0.45781893004115226 0.935570987654321 0.48148148148148145 0.8337191358024691 0.5066872427983539
4 0.11496913580246913 0.6949588477366255 0.19174382716049382 0.6898148148148148 0.19290123456790123 0.7186213991769548 0.11612654320987655 0.7237654320987654
4 0.2785493827160494 0.6810699588477366 0.3603395061728395 0.6810699588477366 0.3603395061728395 0.7160493827160493 0.2785493827160494 0.7160493827160493
4 0.5408950617283951 0.6574074074074074 0.6091820987654321 0.6702674897119342 0.6060956790123457 0.7001028806584362 0.5378086419753086 0.6867283950617284
4 0.07021604938271606 0.720679012345679 0.1381172839506173 0.7525720164609053 0.12924382716049382 0.7854938271604939 0.06172839506172839 0.7536008230452675
4 0.4174382716049383 0.7011316872427984 0.48572530864197533 0.7350823045267489 0.47878086419753085 0.7602880658436214 0.4104938271604938 0.7263374485596708
4 0.6689814814814815 0.6815843621399177 0.7399691358024691 0.7114197530864198 0.7349537037037037 0.7340534979423868 0.6635802469135802 0.7042181069958847
4 0.7391975308641975 0.6486625514403292 0.7959104938271605 0.6399176954732511 0.7986111111111112 0.6682098765432098 0.7418981481481481 0.676954732510288
4 0.8576388888888888 0.6368312757201646 0.9359567901234568 0.6419753086419753 0.9351851851851852 0.6599794238683128 0.8568672839506173 0.654835390946502
4 0.19945987654320987 0.8580246913580247 0.28587962962962965 0.8580246913580247 0.28587962962962965 0.8806584362139918 0.19945987654320987 0.8806584362139918
4 0.41975308641975306 0.8323045267489712 0.4930555555555556 0.8431069958847737 0.49189814814814814 0.86059670781893 0.4182098765432099 0.8503086419753086
4 0.6010802469135802 0.8194444444444444 0.6871141975308642 0.8065843621399177 0.689429012345679 0.8348765432098766 0.6037808641975309 0.8477366255144033
4 0.8329475308641975 0.8106995884773662 0.9282407407407407 0.8024691358024691 0.9293981481481481 0.823045267489712 0.8337191358024691 0.8307613168724279
4 0.16087962962962962 0.0 0.2183641975308642 0.009259259259259259 0.21450617283950618 0.05401234567901234 0.1570216049382716 0.044753086419753084
4 0.6192129629629629 0.0 0.6813271604938271 0.0 0.6813271604938271 0.03909465020576132 0.6192129629629629 0.03909465020576132
4 0.8364197530864198 0.0 0.9116512345679012 0.0 0.9116512345679012 0.029835390946502057 0.8364197530864198 0.029835390946502057
