2 0.0792311 0.819408 0.0797695 0.871304 0.154209 0.869931 0.153671 0.818035 0.955148
2 0.794682 0.565798 0.795232 0.620892 0.870068 0.619564 0.869518 0.56447 0.954866
2 0.219824 0.816247 0.220696 0.867978 0.287741 0.865969 0.286869 0.814238 0.952084
2 0.864092 0.852609 0.864193 0.80075 0.7841 0.800474 0.783999 0.852333 0.951083
2 0.845328 0.0991934 0.845352 0.0283898 0.76962 0.0283435 0.769596 0.0991471 0.949581
2 0.209711 0.568459 0.210038 0.618418 0.275985 0.61765 0.275658 0.567691 0.947502
2 0.985859 0.616578 0.986211 0.56825 0.922294 0.567421 0.921942 0.615749 0.943632
2 0.569303 0.266699 0.56942 0.320936 0.638067 0.320675 0.63795 0.266437 0.943567
2 0.568686 0.813875 0.569187 0.86362 0.644722 0.862269 0.644221 0.812523 0.943262
2 0.0758058 0.26241 0.076435 0.326056 0.155866 0.32466 0.155237 0.261014 0.941772
2 0.556719 0.0315565 0.557216 0.0985299 0.635252 0.0975008 0.634755 0.0305273 0.941706
2 0.386444 0.259971 0.386453 0.318118 0.462418 0.318096 0.462409 0.259949 0.94081
2 0.23989 0.0241071 0.240972 0.0915127 0.312872 0.0894607 0.31179 0.0220551 0.939178
2 0.422467 0.810251 0.422953 0.868549 0.494736 0.867486 0.49425 0.809188 0.93772
2 0.461962 0.100588 0.462018 0.0341742 0.389422 0.0340653 0.389366 0.100479 0.937621
2 0.176475 0.627771 0.176569 0.566822 0.105562 0.566628 0.105468 0.627577 0.926583
2 0.997633 0.0984043 0.997834 0.0406783 0.93028 0.0402608 0.930079 0.0979869 0.922347
2 0.178446 0.086034 0.178472 0.0246962 0.104152 0.0246401 0.104126 0.0859779 0.9177
2 0.864008 0.263051 0.864379 0.318527 0.944966 0.317569 0.944595 0.262093 0.917492
2 0.483986 0.621878 0.484492 0.567578 0.403228 0.566231 0.402722 0.620531 0.914557
3 0.998866 0.850657 0.999279 0.798703 0.95497 0.798077 0.954557 0.850031 0.908099
2 0.703577 0.266674 0.703713 0.317107 0.772915 0.316776 0.772779 0.266343 0.903695
2 0.619149 0.567769 0.620305 0.627497 0.705271 0.624573 0.704115 0.564845 0.899069
