0 0.09027777777777778 0.19855967078189302 0.1408179012345679 0.19855967078189302 0.1408179012345679 0.2309670781893004 0.09027777777777778 0.2309670781893004
0 0.21180555555555555 0.20113168724279834 0.2623456790123457 0.19958847736625515 0.2631172839506173 0.23199588477366256 0.21257716049382716 0.23353909465020575
0 0.3221450617283951 0.19958847736625515 0.3726851851851852 0.20113168724279834 0.37191358024691357 0.23353909465020575 0.32175925925925924 0.23199588477366256
0 0.42939814814814814 0.20164609053497942 0.48572530864197533 0.20113168724279834 0.48572530864197533 0.2330246913580247 0.42978395061728397 0.23353909465020575
0 0.5702160493827161 0.19753086419753085 0.6257716049382716 0.1970164609053498 0.6257716049382716 0.2309670781893004 0.5706018518518519 0.23148148148148148
0 0.7214506172839507 0.19444444444444445 0.7743055555555556 0.19393004115226337 0.7743055555555556 0.2309670781893004 0.7218364197530864 0.23148148148148148
0 0.8603395061728395 0.19444444444444445 0.9131944444444444 0.19393004115226337 0.9131944444444444 0.22890946502057613 0.8607253086419753 0.2294238683127572
0 0.05246913580246913 0.3986625514403292 0.09760802469135803 0.4007201646090535 0.09645061728395062 0.4398148148148148 0.05131172839506173 0.43724279835390945
0 0.15895061728395063 0.40997942386831276 0.20987654320987653 0.4094650205761317 0.20987654320987653 0.4454732510288066 0.15933641975308643 0.44598765432098764
0 0.2862654320987654 0.4017489711934156 0.3414351851851852 0.4038065843621399 0.34066358024691357 0.4434156378600823 0.2854938271604938 0.44135802469135804
0 0.40933641975308643 0.4063786008230453 0.4564043209876543 0.40483539094650206 0.45717592592592593 0.44393004115226337 0.41010802469135804 0.4454732510288066
0 0.527391975308642 0.4053497942386831 0.5760030864197531 0.40329218106995884 0.5767746913580247 0.4398148148148148 0.5281635802469136 0.44135802469135804
0 0.6496913580246914 0.4002057613168724 0.6983024691358025 0.39814814814814814 0.6990740740740741 0.4346707818930041 0.6504629629629629 0.43621399176954734
0 0.7696759259259259 0.39711934156378603 0.8186728395061729 0.3950617283950617 0.8194444444444444 0.4346707818930041 0.7704475308641975 0.43621399176954734
0 0.9463734567901234 0.3950617283950617 0.9953703703703703 0.3976337448559671 0.9942129629629629 0.4367283950617284 0.9452160493827161 0.43415637860082307
2 0.0030864197530864196 0.6440329218106996 0.045910493827160496 0.6378600823045267 0.04861111111111111 0.6728395061728395 0.005787037037037037 0.6784979423868313
2 0.12191358024691358 0.6404320987654321 0.16165123456790123 0.63940329218107 0.16203703703703703 0.6784979423868313 0.12268518518518519 0.6790123456790124
2 0.24498456790123457 0.6388888888888888 0.3013117283950617 0.6424897119341564 0.29976851851851855 0.6826131687242798 0.24382716049382716 0.6790123456790124
2 0.38927469135802467 0.647119341563786 0.4386574074074074 0.6496913580246914 0.4375 0.6887860082304527 0.3881172839506173 0.6862139917695473
2 0.5088734567901234 0.6445473251028807 0.5540123456790124 0.6409465020576132 0.5555555555555556 0.6795267489711934 0.5104166666666666 0.6831275720164609
0 0.6365740740740741 0.6440329218106996 0.685570987654321 0.6409465020576132 0.6871141975308642 0.683641975308642 0.6381172839506173 0.6867283950617284
0 0.7557870370370371 0.6419753086419753 0.8047839506172839 0.6388888888888888 0.8063271604938271 0.6815843621399177 0.7573302469135802 0.6846707818930041
0 0.8927469135802469 0.6373456790123457 0.9429012345679012 0.6399176954732511 0.941358024691358 0.6872427983539094 0.8912037037037037 0.6846707818930041
2 0.027391975308641976 0.8508230452674898 0.06558641975308642 0.8503086419753086 0.06597222222222222 0.8842592592592593 0.027391975308641976 0.8847736625514403
2 0.12229938271604938 0.8487654320987654 0.1705246913580247 0.8508230452674898 0.1697530864197531 0.8796296296296297 0.12152777777777778 0.8775720164609053
2 0.24498456790123457 0.8446502057613169 0.2835648148148148 0.8482510288065843 0.2816358024691358 0.882201646090535 0.24344135802469136 0.8786008230452675
2 0.3626543209876543 0.8436213991769548 0.4020061728395062 0.8461934156378601 0.40084876543209874 0.8775720164609053 0.36149691358024694 0.875
2 0.498070987654321 0.8374485596707819 0.5320216049382716 0.838477366255144 0.53125 0.8693415637860082 0.4972993827160494 0.8683127572016461
2 0.5972222222222222 0.845164609053498 0.6377314814814815 0.8441358024691358 0.6381172839506173 0.8755144032921811 0.5979938271604939 0.8770576131687243
2 0.7673611111111112 0.8405349794238683 0.8078703703703703 0.8405349794238683 0.8078703703703703 0.8713991769547325 0.7673611111111112 0.8719135802469136
2 0.8923611111111112 0.8415637860082305 0.9351851851851852 0.8415637860082305 0.9351851851851852 0.8791152263374485 0.8923611111111112 0.8791152263374485
