0 0.0783179012345679 0.31738683127572015 0.12229938271604938 0.31738683127572015 0.12229938271604938 0.3508230452674897 0.0783179012345679 0.3508230452674897
0 0.19483024691358025 0.31790123456790126 0.23765432098765432 0.3194444444444444 0.2368827160493827 0.3508230452674897 0.19444444444444445 0.3497942386831276
0 0.37808641975308643 0.32253086419753085 0.41435185185185186 0.3230452674897119 0.41396604938271603 0.35545267489711935 0.3777006172839506 0.3549382716049383
0 0.5219907407407407 0.3281893004115226 0.5706018518518519 0.3297325102880658 0.5698302469135802 0.36213991769547327 0.5216049382716049 0.36059670781893005
0 0.6751543209876543 0.3271604938271605 0.7237654320987654 0.3287037037037037 0.7229938271604939 0.36522633744855965 0.6743827160493827 0.3631687242798354
2 0.8260030864197531 0.33024691358024694 0.8738425925925926 0.3317901234567901 0.8734567901234568 0.3636831275720165 0.8252314814814815 0.36213991769547327
0 0.8653549382716049 0.5468106995884774 0.9077932098765432 0.5504115226337448 0.90625 0.5828189300411523 0.8638117283950617 0.5797325102880658
0 0.7476851851851852 0.543724279835391 0.7951388888888888 0.5421810699588477 0.7959104938271605 0.5787037037037037 0.7484567901234568 0.5802469135802469
0 0.5972222222222222 0.5370370370370371 0.6493055555555556 0.5390946502057613 0.6485339506172839 0.5797325102880658 0.5964506172839507 0.5776748971193416
3 0.9606481481481481 0.5529835390946503 0.9992283950617284 0.5545267489711934 0.9984567901234568 0.5905349794238683 0.9598765432098766 0.5889917695473251
0 0.46334876543209874 0.5406378600823045 0.5108024691358025 0.5426954732510288 0.5100308641975309 0.5766460905349794 0.46257716049382713 0.5751028806584362
0 0.30516975308641975 0.5329218106995884 0.3479938271604938 0.5344650205761317 0.34683641975308643 0.5725308641975309 0.30439814814814814 0.5709876543209876
0 0.21064814814814814 0.5339506172839507 0.25887345679012347 0.5334362139917695 0.25887345679012347 0.5694444444444444 0.21064814814814814 0.5699588477366255
0 0.10802469135802469 0.5313786008230452 0.15200617283950618 0.5329218106995884 0.15123456790123457 0.5679012345679012 0.10725308641975309 0.566358024691358
2 0.19483024691358025 0.8667695473251029 0.24459876543209877 0.8703703703703703 0.24305555555555555 0.9058641975308642 0.19328703703703703 0.9022633744855967
2 0.3244598765432099 0.8688271604938271 0.3638117283950617 0.8719135802469136 0.36226851851851855 0.9063786008230452 0.3229166666666667 0.9032921810699589
2 0.5574845679012346 0.845679012345679 0.6103395061728395 0.8467078189300411 0.6099537037037037 0.8806584362139918 0.5570987654320988 0.8791152263374485
2 0.716820987654321 0.8487654320987654 0.7623456790123457 0.8503086419753086 0.7619598765432098 0.8827160493827161 0.7164351851851852 0.8816872427983539
2 0.9471450617283951 0.8549382716049383 0.9965277777777778 0.8585390946502057 0.9953703703703703 0.8888888888888888 0.9459876543209876 0.8858024691358025
2 0.9425154320987654 0.05092592592592592 0.9903549382716049 0.051440329218107 0.9903549382716049 0.08384773662551441 0.9421296296296297 0.08384773662551441
0 0.8252314814814815 0.048868312757201646 0.8715277777777778 0.04938271604938271 0.871141975308642 0.08127572016460906 0.8248456790123457 0.08127572016460906
2 0.7121913580246914 0.044753086419753084 0.7546296296296297 0.044753086419753084 0.7546296296296297 0.07818930041152264 0.7125771604938271 0.07818930041152264
0 0.5636574074074074 0.045781893004115226 0.6118827160493827 0.046296296296296294 0.6114969135802469 0.07973251028806584 0.5636574074074074 0.07921810699588477
2 0.4540895061728395 0.045781893004115226 0.49537037037037035 0.046296296296296294 0.4949845679012346 0.0787037037037037 0.4540895061728395 0.0787037037037037
2 0.3618827160493827 0.044753086419753084 0.4047067901234568 0.047839506172839504 0.4035493827160494 0.08076131687242798 0.36072530864197533 0.07818930041152264
0 0.26273148148148145 0.04372427983539095 0.30787037037037035 0.046296296296296294 0.30671296296296297 0.07921810699588477 0.26157407407407407 0.07613168724279835
0 0.1427469135802469 0.042695473251028807 0.18595679012345678 0.043209876543209874 0.18595679012345678 0.07510288065843622 0.1423611111111111 0.07458847736625514
2 0.04359567901234568 0.04372427983539095 0.08834876543209877 0.043209876543209874 0.08834876543209877 0.07253086419753087 0.04398148148148148 0.07304526748971193
