0 0.10146604938271606 0.2037037037037037 0.16126543209876543 0.20164609053497942 0.16203703703703703 0.2330246913580247 0.10185185185185185 0.23508230452674897
0 0.3175154320987654 0.19444444444444445 0.3742283950617284 0.18930041152263374 0.3761574074074074 0.22685185185185186 0.3194444444444444 0.23199588477366256
0 0.5381944444444444 0.17952674897119342 0.6076388888888888 0.17695473251028807 0.6084104938271605 0.21656378600823045 0.5389660493827161 0.2191358024691358
0 0.7384259259259259 0.17335390946502058 0.8005401234567902 0.17335390946502058 0.8005401234567902 0.20936213991769548 0.7380401234567902 0.2088477366255144
2 0.061342592592592594 0.3868312757201646 0.12191358024691358 0.3868312757201646 0.12191358024691358 0.4212962962962963 0.061342592592592594 0.4212962962962963
2 0.22916666666666666 0.38580246913580246 0.27662037037037035 0.38580246913580246 0.2762345679012346 0.4156378600823045 0.22916666666666666 0.4156378600823045
2 0.3923611111111111 0.375 0.45794753086419754 0.37088477366255146 0.4591049382716049 0.404320987654321 0.39351851851851855 0.40843621399176955
0 0.5729166666666666 0.36059670781893005 0.6415895061728395 0.3595679012345679 0.6415895061728395 0.39814814814814814 0.5733024691358025 0.3986625514403292
2 0.9027777777777778 0.3595679012345679 0.9780092592592593 0.3585390946502058 0.9783950617283951 0.39197530864197533 0.9031635802469136 0.39300411522633744
3 0.0 0.6620370370370371 0.03973765432098766 0.661522633744856 0.03973765432098766 0.6949588477366255 0.0 0.6954732510288066
2 0.19830246913580246 0.6599794238683128 0.2465277777777778 0.661522633744856 0.24614197530864199 0.6918724279835391 0.19791666666666666 0.6903292181069959
2 0.37885802469135804 0.6558641975308642 0.43364197530864196 0.6568930041152263 0.4332561728395062 0.6898148148148148 0.3784722222222222 0.6882716049382716
2 0.5393518518518519 0.6589506172839507 0.5972222222222222 0.6604938271604939 0.5968364197530864 0.6918724279835391 0.5389660493827161 0.6903292181069959
2 0.7013888888888888 0.6538065843621399 0.7604166666666666 0.6594650205761317 0.7584876543209876 0.6934156378600823 0.6998456790123457 0.6882716049382716
2 0.8526234567901234 0.6460905349794238 0.9104938271604939 0.6491769547325102 0.9093364197530864 0.6893004115226338 0.8514660493827161 0.6856995884773662
2 0.5250771604938271 0.8760288065843621 0.5686728395061729 0.8765432098765432 0.5682870370370371 0.9074074074074074 0.5246913580246914 0.9068930041152263
2 0.7403549382716049 0.8791152263374485 0.7959104938271605 0.8863168724279835 0.7932098765432098 0.9218106995884774 0.7376543209876543 0.9146090534979424
0 0.9089506172839507 0.8852880658436214 0.9614197530864198 0.8878600823045267 0.9602623456790124 0.9238683127572016 0.9077932098765432 0.9207818930041153
