2 0.10030864197530864 0.5005144032921811 0.1431327160493827 0.5005144032921811 0.1431327160493827 0.5308641975308642 0.10030864197530864 0.5308641975308642
2 0.2222222222222222 0.5020576131687243 0.2658179012345679 0.5056584362139918 0.26427469135802467 0.5354938271604939 0.22067901234567902 0.5313786008230452
2 0.33024691358024694 0.5036008230452675 0.3753858024691358 0.5051440329218106 0.3746141975308642 0.5354938271604939 0.32947530864197533 0.5334362139917695
2 0.4679783950617284 0.5046296296296297 0.5138888888888888 0.5092592592592593 0.5123456790123457 0.5396090534979424 0.4664351851851852 0.5354938271604939
2 0.597608024691358 0.5118312757201646 0.6431327160493827 0.5118312757201646 0.6431327160493827 0.5442386831275721 0.597608024691358 0.5442386831275721
2 0.7160493827160493 0.5159465020576132 0.7588734567901234 0.5180041152263375 0.7581018518518519 0.5468106995884774 0.7152777777777778 0.5452674897119342
2 0.8101851851851852 0.5185185185185185 0.8503086419753086 0.5205761316872428 0.8495370370370371 0.551440329218107 0.8094135802469136 0.5498971193415638
2 0.908179012345679 0.5205761316872428 0.9483024691358025 0.5257201646090535 0.9459876543209876 0.5550411522633745 0.9058641975308642 0.5498971193415638
2 0.9390432098765432 0.2638888888888889 0.9679783950617284 0.26851851851851855 0.9656635802469136 0.2952674897119342 0.9367283950617284 0.2911522633744856
2 0.8101851851851852 0.25977366255144035 0.8530092592592593 0.2613168724279835 0.8526234567901234 0.2906378600823045 0.8094135802469136 0.28960905349794236
2 0.6963734567901234 0.2525720164609053 0.7415123456790124 0.25565843621399176 0.7403549382716049 0.2890946502057613 0.6952160493827161 0.286522633744856
2 0.5582561728395061 0.24382716049382716 0.6068672839506173 0.24742798353909465 0.6057098765432098 0.279320987654321 0.5570987654320988 0.2762345679012346
2 0.42901234567901236 0.2417695473251029 0.47453703703703703 0.2448559670781893 0.47337962962962965 0.2757201646090535 0.4278549382716049 0.27314814814814814
2 0.3152006172839506 0.24434156378600824 0.35532407407407407 0.24537037037037038 0.3549382716049383 0.27469135802469136 0.3148148148148148 0.2741769547325103
2 0.18132716049382716 0.24382716049382716 0.22608024691358025 0.2448559670781893 0.22569444444444445 0.2752057613168724 0.18094135802469136 0.27469135802469136
2 0.052083333333333336 0.24948559670781892 0.09452160493827161 0.25051440329218105 0.0941358024691358 0.2808641975308642 0.05169753086419753 0.2803497942386831
2 0.047839506172839504 0.0257201646090535 0.08603395061728394 0.026748971193415638 0.08564814814814815 0.05452674897119342 0.047453703703703706 0.05401234567901234
2 0.1697530864197531 0.023662551440329218 0.20987654320987653 0.024691358024691357 0.20987654320987653 0.05092592592592592 0.1693672839506173 0.050411522633744855
2 0.3020833333333333 0.02109053497942387 0.3464506172839506 0.022119341563786008 0.3464506172839506 0.04938271604938271 0.30169753086419754 0.048868312757201646
2 0.43209876543209874 0.025205761316872428 0.4695216049382716 0.026234567901234566 0.4695216049382716 0.05092592592592592 0.43171296296296297 0.050411522633744855
2 0.5578703703703703 0.021604938271604937 0.5968364197530864 0.02263374485596708 0.5964506172839507 0.051954732510288065 0.5574845679012346 0.051440329218107
2 0.6851851851851852 0.026234567901234566 0.720679012345679 0.026234567901234566 0.720679012345679 0.05555555555555555 0.6851851851851852 0.05555555555555555
2 0.8425925925925926 0.029835390946502057 0.8757716049382716 0.030349794238683128 0.8757716049382716 0.056584362139917695 0.8425925925925926 0.056584362139917695
2 0.5659722222222222 0.8137860082304527 0.6103395061728395 0.8168724279835391 0.6091820987654321 0.8497942386831275 0.564429012345679 0.8461934156378601
2 0.6759259259259259 0.8153292181069959 0.720679012345679 0.8194444444444444 0.71875 0.852366255144033 0.6743827160493827 0.8477366255144033
2 0.8861882716049383 0.8225308641975309 0.9320987654320988 0.8194444444444444 0.9332561728395061 0.8513374485596708 0.8873456790123457 0.8544238683127572
2 0.7870370370370371 0.8292181069958847 0.8275462962962963 0.831275720164609 0.8271604938271605 0.8554526748971193 0.7862654320987654 0.8539094650205762
2 0.4367283950617284 0.8055555555555556 0.4834104938271605 0.8127572016460906 0.4807098765432099 0.845164609053498 0.4340277777777778 0.838477366255144
2 0.29050925925925924 0.8050411522633745 0.3387345679012346 0.809156378600823 0.33757716049382713 0.8425925925925926 0.28896604938271603 0.8389917695473251
2 0.15817901234567902 0.8065843621399177 0.20833333333333334 0.8106995884773662 0.20717592592592593 0.8389917695473251 0.1566358024691358 0.8353909465020576
2 0.021604938271604937 0.8060699588477366 0.06790123456790123 0.8096707818930041 0.06674382716049383 0.838477366255144 0.020061728395061727 0.8348765432098766
3 0.0007716049382716049 0.5 0.033950617283950615 0.5 0.033950617283950615 0.5313786008230452 0.00038580246913580245 0.5313786008230452
3 0.9803240740740741 0.8204732510288066 0.9996141975308642 0.823045267489712 0.9972993827160493 0.8549382716049383 0.9780092592592593 0.852366255144033
