0 0.11265432098765432 0.06532921810699588 0.16782407407407407 0.06944444444444445 0.16628086419753085 0.10699588477366255 0.1111111111111111 0.102880658436214
3 0.0 0.07407407407407407 0.010416666666666666 0.073559670781893 0.010416666666666666 0.102880658436214 0.0 0.102880658436214
0 0.27507716049382713 0.07304526748971193 0.3271604938271605 0.07561728395061729 0.32600308641975306 0.11265432098765432 0.27391975308641975 0.11008230452674897
0 0.41898148148148145 0.07561728395061729 0.4664351851851852 0.073559670781893 0.4672067901234568 0.11265432098765432 0.4201388888888889 0.1147119341563786
0 0.5459104938271605 0.07458847736625514 0.5922067901234568 0.07304526748971193 0.5929783950617284 0.11059670781893004 0.5466820987654321 0.11213991769547325
0 0.8661265432098766 0.07716049382716049 0.9197530864197531 0.07818930041152264 0.9189814814814815 0.1198559670781893 0.8657407407407407 0.11882716049382716
0 0.6929012345679012 0.06995884773662552 0.7465277777777778 0.07407407407407407 0.7445987654320988 0.11625514403292181 0.6909722222222222 0.11213991769547325
3 0.00038580246913580245 0.31635802469135804 0.013888888888888888 0.3168724279835391 0.013503086419753086 0.3549382716049383 0.0 0.3544238683127572
0 0.12962962962962962 0.31069958847736623 0.18479938271604937 0.3117283950617284 0.18441358024691357 0.35185185185185186 0.12924382716049382 0.3508230452674897
0 0.2800925925925926 0.3148148148148148 0.3290895061728395 0.31584362139917693 0.3283179012345679 0.35802469135802467 0.279320987654321 0.35699588477366256
0 0.4270833333333333 0.31738683127572015 0.47955246913580246 0.3194444444444444 0.47878086419753085 0.36162551440329216 0.4263117283950617 0.3595679012345679
0 0.5702160493827161 0.31738683127572015 0.6226851851851852 0.3220164609053498 0.6207561728395061 0.3631687242798354 0.5682870370370371 0.3585390946502058
0 0.720679012345679 0.33024691358024694 0.7723765432098766 0.3323045267489712 0.7716049382716049 0.36934156378600824 0.7199074074074074 0.367798353909465
0 0.8599537037037037 0.32613168724279834 0.9054783950617284 0.32767489711934156 0.9047067901234568 0.367798353909465 0.8591820987654321 0.3662551440329218
3 0.9864969135802469 0.33127572016460904 0.9996141975308642 0.33127572016460904 0.9988425925925926 0.36728395061728397 0.9857253086419753 0.36676954732510286
2 0.10455246913580248 0.6538065843621399 0.1415895061728395 0.654835390946502 0.1412037037037037 0.6856995884773662 0.10416666666666667 0.6851851851851852
2 0.2804783950617284 0.6538065843621399 0.3194444444444444 0.6568930041152263 0.31790123456790126 0.6898148148148148 0.279320987654321 0.6872427983539094
2 0.4498456790123457 0.6579218106995884 0.48996913580246915 0.6599794238683128 0.4888117283950617 0.6903292181069959 0.44907407407407407 0.6882716049382716
2 0.5767746913580247 0.6568930041152263 0.6157407407407407 0.6574074074074074 0.6157407407407407 0.6898148148148148 0.5767746913580247 0.6898148148148148
2 0.7233796296296297 0.6512345679012346 0.7731481481481481 0.654320987654321 0.7719907407407407 0.6934156378600823 0.7222222222222222 0.6903292181069959
2 0.8576388888888888 0.6563786008230452 0.9000771604938271 0.6589506172839507 0.8989197530864198 0.6949588477366255 0.8560956790123457 0.6918724279835391
3 0.0 0.8636831275720165 0.022376543209876542 0.8636831275720165 0.022376543209876542 0.8960905349794238 0.0 0.8966049382716049
2 0.1871141975308642 0.8683127572016461 0.22800925925925927 0.8693415637860082 0.22762345679012347 0.9012345679012346 0.1867283950617284 0.9007201646090535
2 0.38850308641975306 0.8724279835390947 0.42052469135802467 0.8713991769547325 0.4209104938271605 0.9007201646090535 0.38927469135802467 0.9017489711934157
2 0.6477623456790124 0.8775720164609053 0.6824845679012346 0.8765432098765432 0.6832561728395061 0.9099794238683128 0.6481481481481481 0.9110082304526749
2 0.8059413580246914 0.8760288065843621 0.8468364197530864 0.8780864197530864 0.8460648148148148 0.9125514403292181 0.8047839506172839 0.9104938271604939
3 0.9683641975308642 0.8801440329218106 0.9996141975308642 0.8806584362139918 0.9992283950617284 0.9192386831275721 0.9683641975308642 0.9192386831275721
