0 0.033950617283950615 0.5889917695473251 0.07523148148148148 0.5889917695473251 0.07523148148148148 0.6152263374485597 0.033950617283950615 0.6152263374485597
0 0.15007716049382716 0.5781893004115226 0.18441358024691357 0.5823045267489712 0.18248456790123457 0.6100823045267489 0.14814814814814814 0.6064814814814815
0 0.2353395061728395 0.5792181069958847 0.2743055555555556 0.581275720164609 0.27353395061728397 0.6085390946502057 0.2345679012345679 0.6064814814814815
0 0.35648148148148145 0.5766460905349794 0.3942901234567901 0.5781893004115226 0.39351851851851855 0.6075102880658436 0.3557098765432099 0.6059670781893004
0 0.45949074074074076 0.5766460905349794 0.49459876543209874 0.5802469135802469 0.4930555555555556 0.6054526748971193 0.45794753086419754 0.6018518518518519
0 0.566358024691358 0.5766460905349794 0.6026234567901234 0.5797325102880658 0.6010802469135802 0.6064814814814815 0.5652006172839507 0.6033950617283951
0 0.6905864197530864 0.5781893004115226 0.7276234567901234 0.5797325102880658 0.7272376543209876 0.6059670781893004 0.6898148148148148 0.6044238683127572
0 0.8858024691358025 0.5740740740740741 0.9239969135802469 0.5709876543209876 0.9255401234567902 0.6018518518518519 0.8873456790123457 0.6049382716049383
0 0.8722993827160493 0.7407407407407407 0.9116512345679012 0.7386831275720165 0.9124228395061729 0.7690329218106996 0.873070987654321 0.7705761316872428
0 0.7411265432098766 0.7433127572016461 0.7800925925925926 0.7433127572016461 0.7800925925925926 0.772633744855967 0.7411265432098766 0.772633744855967
0 0.6342592592592593 0.7412551440329218 0.6728395061728395 0.7407407407407407 0.6728395061728395 0.772119341563786 0.6342592592592593 0.772119341563786
0 0.5374228395061729 0.7458847736625515 0.5740740740740741 0.7474279835390947 0.5736882716049383 0.7762345679012346 0.5366512345679012 0.7746913580246914
0 0.3888888888888889 0.7402263374485597 0.43287037037037035 0.7458847736625515 0.43094135802469136 0.7746913580246914 0.3869598765432099 0.7695473251028807
2 0.24305555555555555 0.7438271604938271 0.2824074074074074 0.7458847736625515 0.28125 0.7757201646090535 0.24228395061728394 0.7741769547325102
2 0.043209876543209874 0.7448559670781894 0.0798611111111111 0.7479423868312757 0.0787037037037037 0.7746913580246914 0.04205246913580247 0.7716049382716049
2 0.09760802469135803 0.31738683127572015 0.13387345679012347 0.31635802469135804 0.13425925925925927 0.3410493827160494 0.09799382716049383 0.3420781893004115
2 0.20910493827160495 0.31584362139917693 0.24845679012345678 0.3153292181069959 0.2488425925925926 0.34516460905349794 0.20910493827160495 0.34516460905349794
2 0.3117283950617284 0.31584362139917693 0.35108024691358025 0.3168724279835391 0.3506944444444444 0.34516460905349794 0.3113425925925926 0.3441358024691358
2 0.41396604938271603 0.31378600823045266 0.4513888888888889 0.3148148148148148 0.45100308641975306 0.3487654320987654 0.41358024691358025 0.3477366255144033
2 0.5077160493827161 0.31378600823045266 0.5439814814814815 0.31430041152263377 0.5435956790123457 0.3425925925925926 0.5073302469135802 0.3420781893004115
0 0.6226851851851852 0.31224279835390945 0.6647376543209876 0.31275720164609055 0.6643518518518519 0.34516460905349794 0.6222993827160493 0.3441358024691358
2 0.7928240740740741 0.30709876543209874 0.8252314814814815 0.30504115226337447 0.8260030864197531 0.33796296296296297 0.7939814814814815 0.3395061728395062
2 0.8364197530864198 0.1383744855967078 0.8757716049382716 0.1419753086419753 0.8746141975308642 0.16820987654320987 0.8352623456790124 0.16512345679012347
2 0.7040895061728395 0.14248971193415638 0.7453703703703703 0.1455761316872428 0.7438271604938271 0.1748971193415638 0.7029320987654321 0.17181069958847736
2 0.5825617283950617 0.1419753086419753 0.6257716049382716 0.14609053497942387 0.6246141975308642 0.1779835390946502 0.5810185185185185 0.1743827160493827
2 0.4471450617283951 0.14506172839506173 0.4876543209876543 0.147119341563786 0.4868827160493827 0.1743827160493827 0.44637345679012347 0.17232510288065844
2 0.30787037037037035 0.14146090534979425 0.345679012345679 0.1440329218106996 0.3445216049382716 0.17386831275720166 0.30709876543209874 0.1712962962962963
2 0.02044753086419753 0.14917695473251028 0.05632716049382716 0.14969135802469136 0.05632716049382716 0.17901234567901234 0.020061728395061727 0.1779835390946502
3 0.9780092592592593 0.3029835390946502 0.9992283950617284 0.3029835390946502 0.9992283950617284 0.3359053497942387 0.9780092592592593 0.3359053497942387
3 0.7743055555555556 0.9830246913580247 0.8117283950617284 0.9825102880658436 0.8121141975308642 0.9994855967078189 0.7746913580246914 0.9994855967078189
3 0.6658950617283951 0.9819958847736625 0.6925154320987654 0.9814814814814815 0.6929012345679012 0.9994855967078189 0.6658950617283951 0.9994855967078189
3 0.5694444444444444 0.9804526748971193 0.5979938271604939 0.9804526748971193 0.5983796296296297 0.9989711934156379 0.5698302469135802 0.9994855967078189
3 0.470679012345679 0.9804526748971193 0.4972993827160494 0.9804526748971193 0.4972993827160494 0.9989711934156379 0.4710648148148148 0.9989711934156379
3 0.36072530864197533 0.9799382716049383 0.38580246913580246 0.9794238683127572 0.3861882716049383 0.9994855967078189 0.36072530864197533 0.9994855967078189
3 0.25925925925925924 0.9783950617283951 0.29282407407407407 0.977880658436214 0.2932098765432099 0.9979423868312757 0.25925925925925924 0.9984567901234568
3 0.1716820987654321 0.9783950617283951 0.2040895061728395 0.977880658436214 0.2044753086419753 0.9994855967078189 0.1720679012345679 0.9994855967078189
2 0.16049382716049382 0.14300411522633744 0.2013888888888889 0.14351851851851852 0.2010030864197531 0.17746913580246915 0.16010802469135801 0.17695473251028807
3 0.970679012345679 0.13580246913580246 0.9992283950617284 0.13631687242798354 0.9992283950617284 0.16306584362139917 0.970679012345679 0.16255144032921812
