1 0.0 0.16203703703703703 0.04089506172839506 0.16203703703703703 0.04089506172839506 0.20781893004115226 0.0 0.20781893004115226
0 0.1709104938271605 0.1640946502057613 0.22608024691358025 0.1640946502057613 0.22608024691358025 0.21244855967078188 0.1709104938271605 0.21244855967078188
0 0.2523148148148148 0.2052469135802469 0.30864197530864196 0.2052469135802469 0.30864197530864196 0.25205761316872427 0.2523148148148148 0.25205761316872427
0 0.3908179012345679 0.21193415637860083 0.44483024691358025 0.20421810699588477 0.44830246913580246 0.25051440329218105 0.39467592592592593 0.25823045267489714
0 0.47723765432098764 0.16512345679012347 0.5358796296296297 0.16049382716049382 0.5378086419753086 0.20833333333333334 0.4791666666666667 0.21244855967078188
0 0.5914351851851852 0.21141975308641975 0.6431327160493827 0.20730452674897118 0.6450617283950617 0.25617283950617287 0.5933641975308642 0.25977366255144035
0 0.7017746913580247 0.15689300411522633 0.7534722222222222 0.1527777777777778 0.7554012345679012 0.20164609053497942 0.7037037037037037 0.2052469135802469
0 0.8433641975308642 0.15432098765432098 0.9000771604938271 0.15020576131687244 0.9020061728395061 0.19855967078189302 0.8452932098765432 0.20267489711934156
0 0.055169753086419755 0.43775720164609055 0.11419753086419752 0.4346707818930041 0.11574074074074074 0.48045267489711935 0.05632716049382716 0.4835390946502058
0 0.19058641975308643 0.4346707818930041 0.2492283950617284 0.4351851851851852 0.2488425925925926 0.48405349794238683 0.19020061728395063 0.4835390946502058
0 0.37037037037037035 0.44084362139917693 0.43094135802469136 0.44084362139917693 0.43132716049382713 0.4876543209876543 0.3707561728395062 0.4881687242798354
0 0.5570987654320988 0.43364197530864196 0.6188271604938271 0.43364197530864196 0.6188271604938271 0.48302469135802467 0.5574845679012346 0.48302469135802467
0 0.7280092592592593 0.42849794238683125 0.7928240740740741 0.4243827160493827 0.7947530864197531 0.4737654320987654 0.7299382716049383 0.47788065843621397
1 0.935570987654321 0.43106995884773663 0.9992283950617284 0.43004115226337447 0.9992283950617284 0.4747942386831276 0.935570987654321 0.4758230452674897
0 0.018518518518518517 0.8503086419753086 0.0779320987654321 0.8492798353909465 0.0779320987654321 0.8904320987654321 0.018518518518518517 0.8909465020576132
0 0.13271604938271606 0.8482510288065843 0.19020061728395063 0.845164609053498 0.19135802469135801 0.8883744855967078 0.13425925925925927 0.8909465020576132
0 0.43016975308641975 0.8441358024691358 0.49228395061728397 0.8395061728395061 0.49459876543209874 0.8878600823045267 0.4324845679012346 0.8924897119341564
0 0.26080246913580246 0.8441358024691358 0.3248456790123457 0.845679012345679 0.32407407407407407 0.8914609053497943 0.2604166666666667 0.8904320987654321
0 0.5941358024691358 0.8431069958847737 0.660108024691358 0.8431069958847737 0.660108024691358 0.8899176954732511 0.5941358024691358 0.8899176954732511
0 0.7592592592592593 0.8441358024691358 0.8248456790123457 0.8415637860082305 0.8260030864197531 0.8888888888888888 0.7600308641975309 0.8914609053497943
0 0.9274691358024691 0.8431069958847737 0.9915123456790124 0.8415637860082305 0.9922839506172839 0.8888888888888888 0.9282407407407407 0.8904320987654321
