0 0.017361111111111112 0.1646090534979424 0.07253086419753087 0.1646090534979424 0.07253086419753087 0.21244855967078188 0.017361111111111112 0.21244855967078188
0 0.2924382716049383 0.1743827160493827 0.34683641975308643 0.17592592592592593 0.3460648148148148 0.2222222222222222 0.2916666666666667 0.22067901234567902
0 0.46257716049382713 0.17849794238683128 0.5204475308641975 0.17746913580246915 0.5208333333333334 0.2227366255144033 0.46296296296296297 0.22376543209876543
0 0.6041666666666666 0.17335390946502058 0.658179012345679 0.17541152263374485 0.6574074074074074 0.2227366255144033 0.6033950617283951 0.22119341563786007
0 0.8630401234567902 0.1779835390946502 0.9212962962962963 0.17849794238683128 0.9212962962962963 0.22582304526748972 0.8630401234567902 0.22530864197530864
2 0.910108024691358 0.5648148148148148 0.9652777777777778 0.5653292181069959 0.964891975308642 0.6121399176954733 0.9097222222222222 0.6111111111111112
2 0.7476851851851852 0.5601851851851852 0.8028549382716049 0.5612139917695473 0.8020833333333334 0.6039094650205762 0.7472993827160493 0.6033950617283951
2 0.5744598765432098 0.5627572016460906 0.6304012345679012 0.5653292181069959 0.6296296296296297 0.6059670781893004 0.5733024691358025 0.6033950617283951
2 0.38078703703703703 0.5524691358024691 0.4347993827160494 0.5529835390946503 0.43441358024691357 0.5982510288065843 0.38040123456790126 0.5977366255144033
2 0.19367283950617284 0.5483539094650206 0.24614197530864199 0.5498971193415638 0.24498456790123457 0.5936213991769548 0.19290123456790123 0.5920781893004116
2 0.010030864197530864 0.5452674897119342 0.06481481481481481 0.5457818930041153 0.06442901234567901 0.5843621399176955 0.009645061728395061 0.5833333333333334
2 0.1412037037037037 0.8271604938271605 0.17708333333333334 0.8256172839506173 0.17785493827160495 0.8641975308641975 0.1419753086419753 0.8657407407407407
2 0.41010802469135804 0.8153292181069959 0.45601851851851855 0.8148148148148148 0.4564043209876543 0.8472222222222222 0.4104938271604938 0.8482510288065843
2 0.7827932098765432 0.8179012345679012 0.8279320987654321 0.8194444444444444 0.8271604938271605 0.8554526748971193 0.7820216049382716 0.8539094650205762
2 0.6084104938271605 0.8148148148148148 0.65625 0.8153292181069959 0.6558641975308642 0.8477366255144033 0.6080246913580247 0.8472222222222222
3 0.9591049382716049 0.8204732510288066 0.9992283950617284 0.8204732510288066 0.9992283950617284 0.8626543209876543 0.9587191358024691 0.8626543209876543
