0 0.0470679012345679 0.07818930041152264 0.08256172839506173 0.07818930041152264 0.08256172839506173 0.1095679012345679 0.0470679012345679 0.1095679012345679
0 0.23958333333333334 0.07510288065843622 0.2777777777777778 0.07510288065843622 0.2777777777777778 0.10493827160493827 0.23958333333333334 0.10493827160493827
0 0.14583333333333334 0.07716049382716049 0.17785493827160495 0.07716049382716049 0.17785493827160495 0.10648148148148148 0.14583333333333334 0.10648148148148148
0 0.35108024691358025 0.07510288065843622 0.38773148148148145 0.07150205761316872 0.3896604938271605 0.10236625514403293 0.35262345679012347 0.10596707818930041
0 0.49459876543209874 0.0684156378600823 0.535108024691358 0.07098765432098765 0.5343364197530864 0.09876543209876543 0.49344135802469136 0.09619341563786009
0 0.6508487654320988 0.07047325102880658 0.691358024691358 0.07098765432098765 0.691358024691358 0.09722222222222222 0.6508487654320988 0.09722222222222222
0 0.8024691358024691 0.06738683127572016 0.8395061728395061 0.06790123456790123 0.8395061728395061 0.09722222222222222 0.8024691358024691 0.09722222222222222
0 0.9313271604938271 0.06893004115226338 0.9637345679012346 0.06532921810699588 0.9656635802469136 0.09362139917695474 0.9328703703703703 0.09773662551440329
2 0.05632716049382716 0.31224279835390945 0.09722222222222222 0.31121399176954734 0.09760802469135803 0.3410493827160494 0.056712962962962965 0.3425925925925926
2 0.17785493827160495 0.30864197530864196 0.21412037037037038 0.3096707818930041 0.21373456790123457 0.3369341563786008 0.17746913580246915 0.3359053497942387
2 0.2785493827160494 0.30606995884773663 0.31558641975308643 0.30709876543209874 0.3152006172839506 0.33539094650205764 0.27816358024691357 0.3343621399176955
2 0.38503086419753085 0.30349794238683125 0.42052469135802467 0.3065843621399177 0.4193672839506173 0.3343621399176955 0.38348765432098764 0.33127572016460904
2 0.5625 0.29732510288065844 0.5987654320987654 0.29835390946502055 0.5979938271604939 0.33024691358024694 0.5617283950617284 0.3287037037037037
2 0.6759259259259259 0.29886831275720166 0.7125771604938271 0.3004115226337449 0.7121913580246914 0.3287037037037037 0.6751543209876543 0.32767489711934156
2 0.7989969135802469 0.2962962962962963 0.8375771604938271 0.2978395061728395 0.8371913580246914 0.3271604938271605 0.7982253086419753 0.32613168724279834
3 0.9591049382716049 0.2978395061728395 0.9992283950617284 0.29835390946502055 0.9992283950617284 0.32664609053497945 0.9591049382716049 0.32613168724279834
2 0.03742283950617284 0.7067901234567902 0.07677469135802469 0.7083333333333334 0.07600308641975309 0.7325102880658436 0.03665123456790124 0.7304526748971193
2 0.2762345679012346 0.6846707818930041 0.3109567901234568 0.6856995884773662 0.310570987654321 0.7047325102880658 0.27584876543209874 0.7037037037037037
2 0.44367283950617287 0.6846707818930041 0.47530864197530864 0.6856995884773662 0.47492283950617287 0.7037037037037037 0.44328703703703703 0.7026748971193416
2 0.6415895061728395 0.6877572016460906 0.6739969135802469 0.6887860082304527 0.6736111111111112 0.7073045267489712 0.6412037037037037 0.706275720164609
2 0.7839506172839507 0.6918724279835391 0.816358024691358 0.6929012345679012 0.8159722222222222 0.7114197530864198 0.7835648148148148 0.7103909465020576
2 0.910108024691358 0.6934156378600823 0.9459876543209876 0.6949588477366255 0.9456018518518519 0.7124485596707819 0.9097222222222222 0.7114197530864198
2 0.5007716049382716 0.485082304526749 0.5378086419753086 0.48662551440329216 0.5374228395061729 0.5113168724279835 0.5 0.5097736625514403
2 0.7060185185185185 0.48199588477366256 0.7388117283950617 0.48199588477366256 0.7388117283950617 0.5061728395061729 0.7060185185185185 0.5061728395061729
2 0.8526234567901234 0.4809670781893004 0.8854166666666666 0.4809670781893004 0.8854166666666666 0.5051440329218106 0.8526234567901234 0.5051440329218106
0 0.04089506172839506 0.8647119341563786 0.08179012345679013 0.8672839506172839 0.08063271604938271 0.8930041152263375 0.040123456790123455 0.8909465020576132
0 0.19174382716049382 0.8647119341563786 0.24112654320987653 0.8647119341563786 0.24112654320987653 0.8930041152263375 0.19174382716049382 0.8930041152263375
0 0.3287037037037037 0.86059670781893 0.3746141975308642 0.8621399176954733 0.3738425925925926 0.8909465020576132 0.3279320987654321 0.88940329218107
0 0.44405864197530864 0.8539094650205762 0.4849537037037037 0.86059670781893 0.48225308641975306 0.8883744855967078 0.44135802469135804 0.8816872427983539
0 0.5582561728395061 0.8569958847736625 0.597608024691358 0.8569958847736625 0.5972222222222222 0.88940329218107 0.5582561728395061 0.88940329218107
0 0.6975308641975309 0.8590534979423868 0.7368827160493827 0.8590534979423868 0.7364969135802469 0.8914609053497943 0.6975308641975309 0.8914609053497943
2 0.8580246913580247 0.8667695473251029 0.8904320987654321 0.8667695473251029 0.8900462962962963 0.897633744855967 0.8576388888888888 0.897119341563786
