0 0.03510802469135803 0.16820987654320987 0.08757716049382716 0.16563786008230452 0.08834876543209877 0.20627572016460904 0.036265432098765434 0.2088477366255144
0 0.08371913580246913 0.1368312757201646 0.13503086419753085 0.1368312757201646 0.13503086419753085 0.17181069958847736 0.08371913580246913 0.17181069958847736
0 0.16203703703703703 0.1640946502057613 0.21412037037037038 0.1661522633744856 0.21334876543209877 0.20473251028806586 0.16087962962962962 0.2021604938271605
0 0.27507716049382713 0.16820987654320987 0.32947530864197533 0.17232510288065844 0.3275462962962963 0.2109053497942387 0.27314814814814814 0.20627572016460904
0 0.44483024691358025 0.1743827160493827 0.5030864197530864 0.17901234567901234 0.5011574074074074 0.21656378600823045 0.44290123456790126 0.21193415637860083
0 0.5393518518518519 0.17849794238683128 0.59375 0.17901234567901234 0.5933641975308642 0.21450617283950618 0.5389660493827161 0.2139917695473251
0 0.6412037037037037 0.17746913580246915 0.7021604938271605 0.17901234567901234 0.7013888888888888 0.21347736625514405 0.6408179012345679 0.21141975308641975
0 0.7407407407407407 0.1800411522633745 0.8024691358024691 0.18055555555555555 0.8020833333333334 0.21862139917695472 0.7403549382716049 0.21810699588477367
0 0.8491512345679012 0.17849794238683128 0.9012345679012346 0.1712962962962963 0.9035493827160493 0.20473251028806586 0.8518518518518519 0.21141975308641975
1 0.9625771604938271 0.16563786008230452 0.9992283950617284 0.16563786008230452 0.9996141975308642 0.19958847736625515 0.9625771604938271 0.19958847736625515
1 0.0 0.43364197530864196 0.04050925925925926 0.43364197530864196 0.04050925925925926 0.4758230452674897 0.0 0.4758230452674897
0 0.11612654320987655 0.4351851851851852 0.1732253086419753 0.43775720164609055 0.1720679012345679 0.4809670781893004 0.11496913580246913 0.4783950617283951
0 0.23881172839506173 0.4351851851851852 0.29398148148148145 0.43775720164609055 0.29282407407407407 0.48302469135802467 0.23765432098765432 0.48045267489711935
0 0.34915123456790126 0.4444444444444444 0.4054783950617284 0.4470164609053498 0.404320987654321 0.48919753086419754 0.3479938271604938 0.48662551440329216
2 0.5158179012345679 0.4444444444444444 0.5717592592592593 0.4506172839506173 0.5690586419753086 0.49228395061728397 0.5131172839506173 0.4861111111111111
0 0.6589506172839507 0.448559670781893 0.7202932098765432 0.448559670781893 0.7202932098765432 0.4933127572016461 0.6589506172839507 0.4933127572016461
2 0.8140432098765432 0.4583333333333333 0.875 0.46296296296296297 0.873070987654321 0.5051440329218106 0.8125 0.5005144032921811
3 0.9502314814814815 0.4547325102880658 0.9996141975308642 0.455761316872428 0.9988425925925926 0.49897119341563784 0.9494598765432098 0.49794238683127573
0 0.02546296296296296 0.8194444444444444 0.08256172839506173 0.8266460905349794 0.0798611111111111 0.8621399176954733 0.023148148148148147 0.8549382716049383
0 0.13194444444444445 0.823045267489712 0.18557098765432098 0.8209876543209876 0.1863425925925926 0.8600823045267489 0.13271604938271606 0.8616255144032922
0 0.22723765432098766 0.8220164609053497 0.27816358024691357 0.8245884773662552 0.2770061728395062 0.8641975308641975 0.22608024691358025 0.8616255144032922
0 0.31790123456790126 0.8251028806584362 0.3699845679012346 0.8281893004115226 0.36882716049382713 0.8724279835390947 0.3167438271604938 0.8693415637860082
0 0.4378858024691358 0.8276748971193416 0.4965277777777778 0.8276748971193416 0.4965277777777778 0.8713991769547325 0.4378858024691358 0.8713991769547325
0 0.5698302469135802 0.8307613168724279 0.625 0.8307613168724279 0.625 0.8683127572016461 0.5698302469135802 0.8683127572016461
0 0.6902006172839507 0.8338477366255144 0.7530864197530864 0.8338477366255144 0.7530864197530864 0.8713991769547325 0.6902006172839507 0.8713991769547325
0 0.8198302469135802 0.8359053497942387 0.8641975308641975 0.8359053497942387 0.8641975308641975 0.8755144032921811 0.8198302469135802 0.8755144032921811
0 0.9363425925925926 0.8374485596707819 0.9872685185185185 0.8431069958847737 0.9845679012345679 0.882201646090535 0.9340277777777778 0.8765432098765432
