0 0.02854938271604938 0.382201646090535 0.07600308641975309 0.382201646090535 0.07600308641975309 0.40997942386831276 0.02854938271604938 0.40997942386831276
2 0.1712962962962963 0.37808641975308643 0.21604938271604937 0.37808641975308643 0.21604938271604937 0.4074074074074074 0.1712962962962963 0.4074074074074074
2 0.2827932098765432 0.37808641975308643 0.3306327160493827 0.38323045267489714 0.3287037037037037 0.4104938271604938 0.28125 0.4053497942386831
2 0.43287037037037035 0.37705761316872427 0.47762345679012347 0.37962962962962965 0.47685185185185186 0.4079218106995885 0.43209876543209874 0.4053497942386831
2 0.6508487654320988 0.37962962962962965 0.6979166666666666 0.3775720164609053 0.6986882716049383 0.4089506172839506 0.6512345679012346 0.41100823045267487
2 0.810570987654321 0.38425925925925924 0.8537808641975309 0.382201646090535 0.8541666666666666 0.411522633744856 0.8113425925925926 0.4130658436213992
0 0.939429012345679 0.37705761316872427 0.9826388888888888 0.37602880658436216 0.9826388888888888 0.4053497942386831 0.9398148148148148 0.4063786008230453
0 0.9170524691358025 0.5859053497942387 0.9679783950617284 0.5900205761316872 0.9664351851851852 0.6188271604938271 0.9158950617283951 0.6147119341563786
0 0.7615740740740741 0.5874485596707819 0.8179012345679012 0.5889917695473251 0.8171296296296297 0.6172839506172839 0.7608024691358025 0.6157407407407407
0 0.6350308641975309 0.5848765432098766 0.6851851851851852 0.5864197530864198 0.6844135802469136 0.6172839506172839 0.6342592592592593 0.6157407407407407
0 0.5115740740740741 0.5869341563786008 0.5621141975308642 0.5869341563786008 0.5621141975308642 0.6131687242798354 0.5115740740740741 0.6131687242798354
2 0.373070987654321 0.5823045267489712 0.4174382716049383 0.5833333333333334 0.4166666666666667 0.6121399176954733 0.3722993827160494 0.61059670781893
0 0.23148148148148148 0.5807613168724279 0.2804783950617284 0.5843621399176955 0.2789351851851852 0.6157407407407407 0.23032407407407407 0.6116255144032922
2 0.09375 0.5853909465020576 0.1431327160493827 0.5859053497942387 0.1427469135802469 0.6121399176954733 0.09375 0.6116255144032922
2 0.7376543209876543 0.8209876543209876 0.7662037037037037 0.8215020576131687 0.7654320987654321 0.845164609053498 0.7372685185185185 0.8441358024691358
2 0.8796296296296297 0.8256172839506173 0.9197530864197531 0.8281893004115226 0.9185956790123457 0.852366255144033 0.878858024691358 0.8497942386831275
2 0.5374228395061729 0.8209876543209876 0.5679012345679012 0.8215020576131687 0.5675154320987654 0.8441358024691358 0.5370370370370371 0.8436213991769548
2 0.3479938271604938 0.8184156378600823 0.3757716049382716 0.8184156378600823 0.3753858024691358 0.8389917695473251 0.34760802469135804 0.8389917695473251
2 0.15123456790123457 0.8137860082304527 0.18325617283950618 0.8143004115226338 0.18287037037037038 0.8359053497942387 0.15084876543209877 0.8348765432098766
2 0.0073302469135802465 0.8215020576131687 0.04243827160493827 0.8204732510288066 0.04282407407407408 0.845164609053498 0.008101851851851851 0.8461934156378601
0 0.16820987654320987 0.09156378600823045 0.21412037037037038 0.09002057613168725 0.21489197530864199 0.12602880658436214 0.16859567901234568 0.12757201646090535
0 0.3001543209876543 0.09104938271604938 0.3425925925925926 0.08796296296296297 0.34375 0.11882716049382716 0.3013117283950617 0.12191358024691358
0 0.4506172839506173 0.08950617283950617 0.49459876543209874 0.08436213991769548 0.49691358024691357 0.11934156378600823 0.4525462962962963 0.12448559670781893
0 0.5771604938271605 0.08693415637860083 0.6222993827160493 0.08693415637860083 0.6219135802469136 0.1198559670781893 0.5767746913580247 0.1198559670781893
2 0.7314814814814815 0.08796296296296297 0.7700617283950617 0.08590534979423868 0.7708333333333334 0.1183127572016461 0.7322530864197531 0.12037037037037036
0 0.8757716049382716 0.08641975308641975 0.9216820987654321 0.08281893004115226 0.9232253086419753 0.12088477366255145 0.8773148148148148 0.12448559670781893
3 0.0 0.09465020576131687 0.02816358024691358 0.09310699588477367 0.029320987654320986 0.12705761316872427 0.0007716049382716049 0.12808641975308643
