0 0.3317901234567901 0.8662551440329218 0.3923611111111111 0.8636831275720165 0.39351851851851855 0.9027777777777778 0.33294753086419754 0.9053497942386831
0 0.5308641975308642 0.8585390946502057 0.5910493827160493 0.8580246913580247 0.5914351851851852 0.8924897119341564 0.53125 0.8924897119341564
0 0.7330246913580247 0.8544238683127572 0.7912808641975309 0.8539094650205762 0.7912808641975309 0.897633744855967 0.7334104938271605 0.8981481481481481
0 0.9224537037037037 0.8513374485596708 0.9895833333333334 0.8508230452674898 0.9895833333333334 0.8945473251028807 0.9228395061728395 0.8950617283950617
0 0.20987654320987653 0.8626543209876543 0.26350308641975306 0.8626543209876543 0.2638888888888889 0.904835390946502 0.21026234567901234 0.9053497942386831
0 0.0466820987654321 0.8719135802469136 0.10609567901234568 0.8755144032921811 0.10455246913580248 0.9151234567901234 0.04552469135802469 0.911522633744856
2 0.7515432098765432 0.5344650205761317 0.8082561728395061 0.5339506172839507 0.808641975308642 0.5699588477366255 0.751929012345679 0.5704732510288066
2 0.8607253086419753 0.5344650205761317 0.9147376543209876 0.5339506172839507 0.9151234567901234 0.5684156378600823 0.8611111111111112 0.5689300411522634
2 0.6354166666666666 0.5390946502057613 0.685570987654321 0.5339506172839507 0.6878858024691358 0.5704732510288066 0.6377314814814815 0.5761316872427984
2 0.5185185185185185 0.5380658436213992 0.5717592592592593 0.5360082304526749 0.5721450617283951 0.573559670781893 0.5189043209876543 0.5756172839506173
2 0.2839506172839506 0.5468106995884774 0.33796296296296297 0.5452674897119342 0.33834876543209874 0.581275720164609 0.2847222222222222 0.5828189300411523
2 0.4074074074074074 0.5401234567901234 0.46064814814814814 0.5375514403292181 0.4618055555555556 0.5751028806584362 0.4085648148148148 0.5776748971193416
2 0.13117283950617284 0.5534979423868313 0.1840277777777778 0.551954732510288 0.18479938271604937 0.5910493827160493 0.13194444444444445 0.5931069958847737
2 0.03742283950617284 0.5282921810699589 0.08217592592592593 0.522119341563786 0.08526234567901235 0.5596707818930041 0.04050925925925926 0.565843621399177
2 0.25887345679012347 0.29989711934156377 0.30594135802469136 0.2993827160493827 0.30594135802469136 0.3333333333333333 0.25887345679012347 0.3338477366255144
2 0.4220679012345679 0.2957818930041152 0.47337962962962965 0.2952674897119342 0.4737654320987654 0.32767489711934156 0.4220679012345679 0.32767489711934156
2 0.32060185185185186 0.27109053497942387 0.373070987654321 0.26697530864197533 0.3746141975308642 0.30246913580246915 0.3221450617283951 0.3065843621399177
2 0.5698302469135802 0.2618312757201646 0.6219135802469136 0.257201646090535 0.6234567901234568 0.2875514403292181 0.5713734567901234 0.29218106995884774
2 0.7820216049382716 0.2536008230452675 0.8306327160493827 0.25308641975308643 0.8310185185185185 0.2839506172839506 0.7820216049382716 0.2844650205761317
2 0.9205246913580247 0.24691358024691357 0.9772376543209876 0.24382716049382716 0.9780092592592593 0.27829218106995884 0.9212962962962963 0.2808641975308642
2 0.11304012345679013 0.2854938271604938 0.15393518518518517 0.286522633744856 0.15354938271604937 0.31430041152263377 0.11265432098765432 0.3132716049382716
2 0.04282407407407408 0.31069958847736623 0.08950617283950617 0.3096707818930041 0.08950617283950617 0.34310699588477367 0.043209876543209874 0.3441358024691358
3 0.3568672839506173 0.0 0.40007716049382713 0.00051440329218107 0.39969135802469136 0.023662551440329218 0.35648148148148145 0.023148148148148147
3 0.4957561728395062 0.0 0.5370370370370371 0.0 0.5366512345679012 0.016975308641975308 0.49537037037037035 0.01646090534979424
3 0.1574074074074074 0.0 0.19598765432098766 0.0 0.19560185185185186 0.03343621399176955 0.1570216049382716 0.03292181069958848
3 0.011188271604938271 0.0 0.046296296296296294 0.0 0.046296296296296294 0.03497942386831276 0.011574074074074073 0.03497942386831276
