0 0.03433641975308642 0.1301440329218107 0.08101851851851852 0.1301440329218107 0.08101851851851852 0.16203703703703703 0.03433641975308642 0.16203703703703703
0 0.13040123456790123 0.12294238683127572 0.1743827160493827 0.12294238683127572 0.1743827160493827 0.1610082304526749 0.13040123456790123 0.1610082304526749
0 0.22415123456790123 0.12705761316872427 0.27199074074074076 0.12654320987654322 0.27199074074074076 0.16203703703703703 0.22415123456790123 0.16203703703703703
0 0.3777006172839506 0.12448559670781893 0.4255401234567901 0.12705761316872427 0.42476851851851855 0.15843621399176955 0.376929012345679 0.15637860082304528
0 0.5979938271604939 0.12191358024691358 0.6408179012345679 0.12294238683127572 0.6400462962962963 0.15843621399176955 0.597608024691358 0.1574074074074074
0 0.4976851851851852 0.12294238683127572 0.5443672839506173 0.12602880658436214 0.5432098765432098 0.15534979423868311 0.4965277777777778 0.1522633744855967
0 0.6956018518518519 0.12654320987654322 0.7380401234567902 0.12654320987654322 0.7376543209876543 0.15843621399176955 0.6952160493827161 0.15792181069958847
0 0.808641975308642 0.12139917695473251 0.8549382716049383 0.12139917695473251 0.8549382716049383 0.15432098765432098 0.8090277777777778 0.15432098765432098
0 0.9143518518518519 0.12139917695473251 0.9610339506172839 0.12139917695473251 0.9610339506172839 0.15432098765432098 0.9147376543209876 0.15432098765432098
2 0.02700617283950617 0.3281893004115226 0.07407407407407407 0.32613168724279834 0.07445987654320987 0.35288065843621397 0.027391975308641976 0.3544238683127572
2 0.18441358024691357 0.3338477366255144 0.22993827160493827 0.33024691358024694 0.23109567901234568 0.35905349794238683 0.18557098765432098 0.3626543209876543
2 0.30246913580246915 0.3317901234567901 0.3441358024691358 0.33024691358024694 0.3445216049382716 0.3559670781893004 0.30324074074074076 0.3575102880658436
2 0.41898148148148145 0.330761316872428 0.46219135802469136 0.3271604938271605 0.46334876543209874 0.35288065843621397 0.4201388888888889 0.3559670781893004
2 0.5177469135802469 0.32510288065843623 0.5590277777777778 0.3194444444444444 0.560570987654321 0.34310699588477367 0.5196759259259259 0.3487654320987654
2 0.6026234567901234 0.3184156378600823 0.6516203703703703 0.3184156378600823 0.6516203703703703 0.34516460905349794 0.6026234567901234 0.34516460905349794
2 0.7106481481481481 0.3153292181069959 0.7581018518518519 0.3153292181069959 0.7581018518518519 0.3497942386831276 0.7106481481481481 0.3497942386831276
2 0.8337191358024691 0.3153292181069959 0.8838734567901234 0.3153292181069959 0.8838734567901234 0.3487654320987654 0.8337191358024691 0.3487654320987654
3 0.9807098765432098 0.31635802469135804 0.9996141975308642 0.31635802469135804 0.9992283950617284 0.3425925925925926 0.9807098765432098 0.3425925925925926
1 0.00038580246913580245 0.5905349794238683 0.030478395061728395 0.5905349794238683 0.030478395061728395 0.6213991769547325 0.00038580246913580245 0.6213991769547325
0 0.08179012345679013 0.5946502057613169 0.13233024691358025 0.5946502057613169 0.13233024691358025 0.625 0.08179012345679013 0.625
0 0.22993827160493827 0.5910493827160493 0.2800925925925926 0.5879629629629629 0.28125 0.6172839506172839 0.23109567901234568 0.6208847736625515
0 0.3773148148148148 0.5874485596707819 0.43132716049382713 0.5874485596707819 0.43132716049382713 0.6203703703703703 0.3773148148148148 0.6203703703703703
0 0.5308641975308642 0.5833333333333334 0.5814043209876543 0.5833333333333334 0.5814043209876543 0.6172839506172839 0.5308641975308642 0.6172839506172839
0 0.6408179012345679 0.5848765432098766 0.6871141975308642 0.5848765432098766 0.6871141975308642 0.6193415637860082 0.6408179012345679 0.6193415637860082
0 0.7415123456790124 0.5807613168724279 0.7901234567901234 0.5807613168724279 0.7901234567901234 0.6162551440329218 0.7415123456790124 0.6162551440329218
0 0.9155092592592593 0.5817901234567902 0.9602623456790124 0.5817901234567902 0.9602623456790124 0.6162551440329218 0.9155092592592593 0.6162551440329218
2 0.04861111111111111 0.7932098765432098 0.08256172839506173 0.7901234567901234 0.08371913580246913 0.8106995884773662 0.04976851851851852 0.8137860082304527
2 0.17939814814814814 0.7880658436213992 0.20871913580246915 0.7849794238683128 0.20987654320987653 0.8076131687242798 0.18055555555555555 0.8101851851851852
2 0.3287037037037037 0.7875514403292181 0.3626543209876543 0.7875514403292181 0.3626543209876543 0.8055555555555556 0.3287037037037037 0.8055555555555556
2 0.48996913580246915 0.7844650205761317 0.5239197530864198 0.7844650205761317 0.5239197530864198 0.8024691358024691 0.48996913580246915 0.8024691358024691
2 0.5887345679012346 0.7824074074074074 0.621141975308642 0.7824074074074074 0.621141975308642 0.7988683127572016 0.5887345679012346 0.7988683127572016
2 0.6909722222222222 0.7824074074074074 0.7233796296296297 0.7824074074074074 0.7233796296296297 0.7988683127572016 0.6909722222222222 0.7988683127572016
2 0.8661265432098766 0.7803497942386831 0.8985339506172839 0.7803497942386831 0.8985339506172839 0.7968106995884774 0.8661265432098766 0.7968106995884774
