2 0.06944444444444445 0.7319958847736625 0.11535493827160494 0.7319958847736625 0.11535493827160494 0.7623456790123457 0.06944444444444445 0.7623456790123457
2 0.2334104938271605 0.7366255144032922 0.27121913580246915 0.7319958847736625 0.27276234567901236 0.7608024691358025 0.2353395061728395 0.7654320987654321
2 0.4729938271604938 0.7345679012345679 0.5212191358024691 0.7345679012345679 0.5212191358024691 0.7680041152263375 0.4729938271604938 0.7680041152263375
2 0.6489197530864198 0.7386831275720165 0.6979166666666666 0.7386831275720165 0.6979166666666666 0.7741769547325102 0.6489197530864198 0.7741769547325102
0 0.8152006172839507 0.7402263374485597 0.8626543209876543 0.7407407407407407 0.8622685185185185 0.7746913580246914 0.8148148148148148 0.7736625514403292
2 0.8661265432098766 0.6080246913580247 0.9047067901234568 0.6095679012345679 0.904320987654321 0.6373456790123457 0.8653549382716049 0.6363168724279835
2 0.6959876543209876 0.6090534979423868 0.7364969135802469 0.6095679012345679 0.7361111111111112 0.6358024691358025 0.6956018518518519 0.6352880658436214
2 0.5424382716049383 0.6080246913580247 0.5875771604938271 0.6080246913580247 0.5871913580246914 0.6316872427983539 0.5424382716049383 0.6311728395061729
2 0.33719135802469136 0.6044238683127572 0.375 0.6054526748971193 0.3746141975308642 0.6286008230452675 0.33719135802469136 0.6275720164609053
2 0.17515432098765432 0.602880658436214 0.21489197530864199 0.602366255144033 0.2152777777777778 0.6291152263374485 0.17515432098765432 0.6296296296296297
2 0.04282407407407408 0.5946502057613169 0.08294753086419752 0.5946502057613169 0.08294753086419752 0.625 0.04282407407407408 0.625
2 0.19714506172839505 0.2978395061728395 0.22993827160493827 0.2978395061728395 0.22955246913580246 0.323559670781893 0.19714506172839505 0.323559670781893
2 0.41087962962962965 0.2968106995884774 0.4398148148148148 0.2962962962962963 0.4402006172839506 0.323559670781893 0.4112654320987654 0.32407407407407407
2 0.6670524691358025 0.29835390946502055 0.7048611111111112 0.29989711934156377 0.7044753086419753 0.330761316872428 0.6662808641975309 0.3287037037037037
2 0.7600308641975309 0.09722222222222222 0.7897376543209876 0.09825102880658436 0.7889660493827161 0.12448559670781893 0.7592592592592593 0.12294238683127572
2 0.8344907407407407 0.2968106995884774 0.8777006172839507 0.29835390946502055 0.876929012345679 0.3281893004115226 0.8337191358024691 0.32613168724279834
2 0.8919753086419753 0.10390946502057613 0.9239969135802469 0.102880658436214 0.9247685185185185 0.1301440329218107 0.8923611111111112 0.13168724279835392
2 0.6385030864197531 0.09773662551440329 0.6674382716049383 0.09825102880658436 0.6670524691358025 0.12448559670781893 0.6381172839506173 0.12448559670781893
2 0.5138888888888888 0.09516460905349794 0.5451388888888888 0.09516460905349794 0.5451388888888888 0.12191358024691358 0.5142746913580247 0.12242798353909465
2 0.36072530864197533 0.09259259259259259 0.39853395061728397 0.09207818930041152 0.39853395061728397 0.12191358024691358 0.3611111111111111 0.12242798353909465
2 0.18132716049382716 0.09310699588477367 0.21334876543209877 0.09156378600823045 0.21412037037037038 0.12345679012345678 0.18248456790123457 0.12551440329218108
2 0.04243827160493827 0.09465020576131687 0.07484567901234568 0.09259259259259259 0.07561728395061729 0.12037037037037036 0.04359567901234568 0.12242798353909465
