3 0.0 0.08179012345679013 0.02546296296296296 0.08179012345679013 0.02546296296296296 0.10853909465020577 0.0 0.10853909465020577
1 0.0 0.2613168724279835 0.020061728395061727 0.26080246913580246 0.020833333333333332 0.2952674897119342 0.00038580246913580245 0.2962962962962963
1 0.9645061728395061 0.6352880658436214 0.9996141975308642 0.6352880658436214 0.9996141975308642 0.6671810699588477 0.9645061728395061 0.6671810699588477
1 0.0 0.6291152263374485 0.03742283950617284 0.6291152263374485 0.03742283950617284 0.6579218106995884 0.0 0.6579218106995884
2 0.3074845679012346 0.08076131687242798 0.34837962962962965 0.08179012345679013 0.34837962962962965 0.10905349794238683 0.30709876543209874 0.10853909465020577
2 0.4660493827160494 0.08950617283950617 0.5111882716049383 0.08796296296296297 0.5115740740740741 0.11625514403292181 0.4664351851851852 0.11779835390946503
2 0.595679012345679 0.0874485596707819 0.6392746913580247 0.08693415637860083 0.6392746913580247 0.11522633744855967 0.595679012345679 0.11625514403292181
2 0.7118055555555556 0.08641975308641975 0.7565586419753086 0.08693415637860083 0.7561728395061729 0.11368312757201646 0.7114197530864198 0.11316872427983539
2 0.8298611111111112 0.08950617283950617 0.8692129629629629 0.09207818930041152 0.8684413580246914 0.1147119341563786 0.8290895061728395 0.11213991769547325
2 0.9251543209876543 0.09465020576131687 0.9683641975308642 0.09465020576131687 0.9683641975308642 0.11728395061728394 0.9251543209876543 0.11728395061728394
0 0.06751543209876543 0.2618312757201646 0.1095679012345679 0.26337448559670784 0.1087962962962963 0.294238683127572 0.06712962962962964 0.2926954732510288
0 0.1728395061728395 0.2618312757201646 0.21720679012345678 0.2613168724279835 0.2175925925925926 0.294238683127572 0.1732253086419753 0.2952674897119342
0 0.2596450617283951 0.2294238683127572 0.3055555555555556 0.23148148148148148 0.30516975308641975 0.2602880658436214 0.25887345679012347 0.2587448559670782
0 0.375 0.2330246913580247 0.4216820987654321 0.2345679012345679 0.4209104938271605 0.2654320987654321 0.3746141975308642 0.2638888888888889
0 0.49074074074074076 0.2397119341563786 0.5362654320987654 0.23919753086419754 0.5362654320987654 0.26954732510288065 0.49074074074074076 0.2700617283950617
0 0.5868055555555556 0.23868312757201646 0.6226851851851852 0.23868312757201646 0.6226851851851852 0.26440329218106995 0.5871913580246914 0.26440329218106995
0 0.6261574074074074 0.26286008230452673 0.6666666666666666 0.26286008230452673 0.6670524691358025 0.2916666666666667 0.6265432098765432 0.2916666666666667
0 0.7434413580246914 0.2674897119341564 0.7870370370370371 0.26594650205761317 0.7874228395061729 0.2952674897119342 0.7438271604938271 0.2968106995884774
0 0.8919753086419753 0.2381687242798354 0.9367283950617284 0.2397119341563786 0.9363425925925926 0.26954732510288065 0.8915895061728395 0.26851851851851855
1 0.0 0.4434156378600823 0.02854938271604938 0.4434156378600823 0.02854938271604938 0.4696502057613169 0.0 0.47016460905349794
0 0.08680555555555555 0.44238683127572015 0.1253858024691358 0.44238683127572015 0.1253858024691358 0.4675925925925926 0.08680555555555555 0.4675925925925926
0 0.29899691358024694 0.4470164609053498 0.3368055555555556 0.448559670781893 0.33641975308641975 0.47685185185185186 0.2986111111111111 0.47530864197530864
0 0.4193672839506173 0.4495884773662551 0.46064814814814814 0.44650205761316875 0.4618055555555556 0.4747942386831276 0.42052469135802467 0.4773662551440329
0 0.6080246913580247 0.44393004115226337 0.6489197530864198 0.44393004115226337 0.6489197530864198 0.4727366255144033 0.6080246913580247 0.4722222222222222
0 0.7577160493827161 0.4480452674897119 0.8047839506172839 0.44598765432098764 0.8051697530864198 0.4722222222222222 0.7581018518518519 0.4737654320987654
0 0.9151234567901234 0.4480452674897119 0.9610339506172839 0.4480452674897119 0.9610339506172839 0.4747942386831276 0.9151234567901234 0.47530864197530864
0 0.10378086419753087 0.6255144032921811 0.14930555555555555 0.6229423868312757 0.15007716049382716 0.6558641975308642 0.10493827160493827 0.6584362139917695
0 0.24729938271604937 0.6234567901234568 0.29282407407407407 0.625 0.29205246913580246 0.6553497942386831 0.24691358024691357 0.6538065843621399
0 0.34953703703703703 0.6275720164609053 0.3923611111111111 0.6306584362139918 0.3908179012345679 0.6604938271604939 0.3479938271604938 0.6568930041152263
0 0.44483024691358025 0.6280864197530864 0.4880401234567901 0.6306584362139918 0.48726851851851855 0.6640946502057613 0.44405864197530864 0.6620370370370371
0 0.5324074074074074 0.632201646090535 0.5740740740740741 0.632201646090535 0.5740740740740741 0.6625514403292181 0.5324074074074074 0.6620370370370371
0 0.6377314814814815 0.6342592592592593 0.6847993827160493 0.6342592592592593 0.6844135802469136 0.6661522633744856 0.6373456790123457 0.6656378600823045
0 0.8005401234567902 0.6363168724279835 0.8445216049382716 0.6363168724279835 0.8441358024691358 0.6676954732510288 0.8005401234567902 0.6671810699588477
2 0.022376543209876542 0.8189300411522634 0.06404320987654322 0.8215020576131687 0.0628858024691358 0.852880658436214 0.021219135802469136 0.8508230452674898
2 0.11959876543209877 0.823559670781893 0.1693672839506173 0.8261316872427984 0.16820987654320987 0.8559670781893004 0.11844135802469136 0.852880658436214
2 0.2191358024691358 0.8209876543209876 0.27276234567901236 0.823559670781893 0.27199074074074076 0.8554526748971193 0.2183641975308642 0.852366255144033
2 0.30671296296296297 0.8209876543209876 0.35378086419753085 0.8245884773662552 0.35223765432098764 0.8564814814814815 0.30516975308641975 0.852880658436214
0 0.6053240740740741 0.7978395061728395 0.6566358024691358 0.7983539094650206 0.65625 0.8333333333333334 0.6049382716049383 0.8323045267489712
0 0.753858024691358 0.8034979423868313 0.8043981481481481 0.8040123456790124 0.8040123456790124 0.838477366255144 0.7534722222222222 0.8374485596707819
0 0.8665123456790124 0.8096707818930041 0.9147376543209876 0.8101851851851852 0.9143518518518519 0.8425925925925926 0.8661265432098766 0.8415637860082305
2 0.1111111111111111 0.08487654320987655 0.14583333333333334 0.08281893004115226 0.14699074074074073 0.1095679012345679 0.11188271604938271 0.11162551440329219
