2 0.08449074074074074 0.16563786008230452 0.13541666666666666 0.16255144032921812 0.13657407407407407 0.19907407407407407 0.08564814814814815 0.2021604938271605
2 0.2326388888888889 0.15432098765432098 0.2854938271604938 0.15123456790123457 0.28665123456790126 0.19238683127572018 0.2337962962962963 0.1949588477366255
2 0.3722993827160494 0.15380658436213993 0.4112654320987654 0.15123456790123457 0.41280864197530864 0.1867283950617284 0.3738425925925926 0.18930041152263374
2 0.4876543209876543 0.14300411522633744 0.5435956790123457 0.1388888888888889 0.5451388888888888 0.17901234567901234 0.48919753086419754 0.18261316872427982
2 0.6404320987654321 0.1368312757201646 0.6986882716049383 0.1352880658436214 0.6990740740740741 0.1743827160493827 0.6408179012345679 0.17541152263374485
0 0.7685185185185185 0.13580246913580246 0.8236882716049383 0.13065843621399176 0.8256172839506173 0.17078189300411523 0.7704475308641975 0.17541152263374485
0 0.8939043209876543 0.13734567901234568 0.9506172839506173 0.13477366255144033 0.9513888888888888 0.17541152263374485 0.8946759259259259 0.1779835390946502
2 0.06983024691358025 0.5694444444444444 0.10686728395061729 0.5648148148148148 0.1091820987654321 0.5982510288065843 0.07214506172839506 0.602880658436214
2 0.22299382716049382 0.5617283950617284 0.2673611111111111 0.5596707818930041 0.2681327160493827 0.595679012345679 0.22376543209876543 0.5977366255144033
2 0.3707561728395062 0.551954732510288 0.42669753086419754 0.5504115226337448 0.4270833333333333 0.5895061728395061 0.37114197530864196 0.5910493827160493
2 0.53125 0.5524691358024691 0.5798611111111112 0.551440329218107 0.5802469135802469 0.5843621399176955 0.5316358024691358 0.5859053497942387
2 0.6666666666666666 0.5550411522633745 0.71875 0.5540123456790124 0.7191358024691358 0.5828189300411523 0.6670524691358025 0.5838477366255144
2 0.7797067901234568 0.5509259259259259 0.8229166666666666 0.5498971193415638 0.8233024691358025 0.5864197530864198 0.7800925925925926 0.5879629629629629
2 0.908179012345679 0.551440329218107 0.9537037037037037 0.5498971193415638 0.9540895061728395 0.5828189300411523 0.9085648148148148 0.5843621399176955
2 0.0779320987654321 0.7896090534979424 0.1246141975308642 0.7849794238683128 0.12654320987654322 0.8173868312757202 0.07947530864197531 0.8215020576131687
2 0.22723765432098766 0.7752057613168725 0.2785493827160494 0.7762345679012346 0.27816358024691357 0.8148148148148148 0.22685185185185186 0.8143004115226338
2 0.39853395061728397 0.7746913580246914 0.4471450617283951 0.7767489711934157 0.44598765432098764 0.8153292181069959 0.39776234567901236 0.8137860082304527
2 0.6068672839506173 0.7829218106995884 0.6508487654320988 0.7834362139917695 0.6508487654320988 0.8256172839506173 0.6064814814814815 0.8251028806584362
2 0.7476851851851852 0.7849794238683128 0.7970679012345679 0.7782921810699589 0.7997685185185185 0.8173868312757202 0.7507716049382716 0.8240740740740741
2 0.9058641975308642 0.7824074074074074 0.9567901234567902 0.7860082304526749 0.9552469135802469 0.8194444444444444 0.904320987654321 0.8153292181069959
