3 0.0 0.010802469135802469 0.021219135802469136 0.010802469135802469 0.021219135802469136 0.0411522633744856 0.0 0.0411522633744856
3 0.10069444444444445 0.004629629629629629 0.15200617283950618 0.0015432098765432098 0.15316358024691357 0.03652263374485597 0.10185185185185185 0.03960905349794239
3 0.2337962962962963 0.00205761316872428 0.2847222222222222 0.0 0.2854938271604938 0.030349794238683128 0.2345679012345679 0.032407407407407406
3 0.3923611111111111 0.00051440329218107 0.44212962962962965 0.0 0.44212962962962965 0.027777777777777776 0.3923611111111111 0.028292181069958847
3 0.5378086419753086 0.00051440329218107 0.5879629629629629 0.0 0.5879629629629629 0.021604938271604937 0.5378086419753086 0.022119341563786008
3 0.6882716049382716 0.00051440329218107 0.7341820987654321 0.0 0.7341820987654321 0.02109053497942387 0.6882716049382716 0.021604938271604937
2 0.017746913580246913 0.2088477366255144 0.07214506172839506 0.2088477366255144 0.07214506172839506 0.24794238683127573 0.018132716049382717 0.24794238683127573
0 0.2341820987654321 0.20267489711934156 0.2916666666666667 0.20267489711934156 0.2916666666666667 0.24074074074074073 0.2341820987654321 0.24074074074074073
0 0.49691358024691357 0.19135802469135801 0.5528549382716049 0.19135802469135801 0.5528549382716049 0.23199588477366256 0.49691358024691357 0.23199588477366256
0 0.7145061728395061 0.18261316872427982 0.7719907407407407 0.18261316872427982 0.7719907407407407 0.22376543209876543 0.7145061728395061 0.22376543209876543
0 0.8734567901234568 0.1815843621399177 0.9375 0.1815843621399177 0.9375 0.2227366255144033 0.8734567901234568 0.2227366255144033
0 0.04243827160493827 0.5493827160493827 0.10030864197530864 0.5478395061728395 0.10108024691358025 0.5848765432098766 0.043209876543209874 0.5869341563786008
0 0.18557098765432098 0.5462962962962963 0.24498456790123457 0.5447530864197531 0.24537037037037038 0.5797325102880658 0.1863425925925926 0.581275720164609
0 0.32407407407407407 0.5390946502057613 0.3792438271604938 0.5375514403292181 0.37962962962962965 0.5709876543209876 0.3248456790123457 0.5725308641975309
0 0.4672067901234568 0.5303497942386831 0.5243055555555556 0.529835390946502 0.5243055555555556 0.5648148148148148 0.4672067901234568 0.5653292181069959
0 0.6184413580246914 0.5272633744855967 0.6743827160493827 0.5272633744855967 0.6743827160493827 0.5596707818930041 0.6184413580246914 0.5596707818930041
0 0.7762345679012346 0.5210905349794238 0.8333333333333334 0.5252057613168725 0.8317901234567902 0.5627572016460906 0.7746913580246914 0.558641975308642
0 0.9174382716049383 0.5210905349794238 0.9745370370370371 0.5246913580246914 0.9729938271604939 0.5622427983539094 0.9158950617283951 0.558641975308642
2 0.11381172839506173 0.8215020576131687 0.15817901234567902 0.8215020576131687 0.15817901234567902 0.852366255144033 0.11381172839506173 0.852366255144033
2 0.23726851851851852 0.8194444444444444 0.2777777777777778 0.8194444444444444 0.2777777777777778 0.8569958847736625 0.23726851851851852 0.8569958847736625
2 0.4513888888888889 0.8070987654320988 0.498070987654321 0.8070987654320988 0.498070987654321 0.8431069958847737 0.4513888888888889 0.8431069958847737
2 0.6057098765432098 0.8076131687242798 0.6469907407407407 0.8076131687242798 0.6469907407407407 0.8415637860082305 0.6057098765432098 0.8415637860082305
2 0.7079475308641975 0.8096707818930041 0.7507716049382716 0.8153292181069959 0.7484567901234568 0.8482510288065843 0.7056327160493827 0.8425925925925926
2 0.9243827160493827 0.7947530864197531 0.9733796296296297 0.7978395061728395 0.9722222222222222 0.8348765432098766 0.9232253086419753 0.8317901234567902
