3 0.0 0.2880658436213992 0.009259259259259259 0.2880658436213992 0.009259259259259259 0.31738683127572015 0.0 0.31738683127572015
0 0.21489197530864199 0.08641975308641975 0.2665895061728395 0.08847736625514403 0.2658179012345679 0.1301440329218107 0.21412037037037038 0.12808641975308643
0 0.40316358024691357 0.08436213991769548 0.4564043209876543 0.08641975308641975 0.4556327160493827 0.13117283950617284 0.40239197530864196 0.12911522633744857
0 0.5787037037037037 0.08539094650205761 0.6296296296296297 0.0874485596707819 0.628858024691358 0.12911522633744857 0.5779320987654321 0.12705761316872427
0 0.7056327160493827 0.08333333333333333 0.7515432098765432 0.08487654320987655 0.7507716049382716 0.12808641975308643 0.7048611111111112 0.12654320987654322
0 0.8198302469135802 0.08641975308641975 0.8692129629629629 0.09053497942386832 0.8672839506172839 0.13117283950617284 0.8179012345679012 0.12705761316872427
1 0.9880401234567902 0.0874485596707819 0.9996141975308642 0.0874485596707819 0.9992283950617284 0.125 0.9880401234567902 0.125
0 0.07523148148148148 0.08847736625514403 0.12114197530864197 0.08847736625514403 0.12114197530864197 0.12294238683127572 0.07523148148148148 0.12294238683127572
0 0.16010802469135801 0.2829218106995885 0.20987654320987653 0.2854938271604938 0.20871913580246915 0.3204732510288066 0.15895061728395063 0.31738683127572015
0 0.32677469135802467 0.2839506172839506 0.3757716049382716 0.2854938271604938 0.3753858024691358 0.3245884773662551 0.32600308641975306 0.323559670781893
0 0.4729938271604938 0.29012345679012347 0.527391975308642 0.2880658436213992 0.5285493827160493 0.3297325102880658 0.47415123456790126 0.3317901234567901
0 0.6219135802469136 0.28703703703703703 0.6763117283950617 0.28858024691358025 0.6759259259259259 0.33024691358024694 0.6215277777777778 0.3287037037037037
0 0.7893518518518519 0.28343621399176955 0.8414351851851852 0.28497942386831276 0.8406635802469136 0.32767489711934156 0.7885802469135802 0.32613168724279834
0 0.9232253086419753 0.28858024691358025 0.9660493827160493 0.286522633744856 0.9672067901234568 0.3256172839506173 0.9239969135802469 0.32767489711934156
1 0.0 0.6779835390946503 0.044753086419753084 0.6774691358024691 0.044753086419753084 0.7109053497942387 0.00038580246913580245 0.7119341563786008
0 0.10686728395061729 0.6733539094650206 0.1574074074074074 0.676440329218107 0.15625 0.7129629629629629 0.10570987654320987 0.7098765432098766
0 0.2658179012345679 0.6795267489711934 0.32098765432098764 0.6826131687242798 0.3194444444444444 0.7253086419753086 0.2646604938271605 0.7222222222222222
0 0.4220679012345679 0.6862139917695473 0.47453703703703703 0.683641975308642 0.47530864197530864 0.7247942386831275 0.42322530864197533 0.727366255144033
0 0.5817901234567902 0.6805555555555556 0.6311728395061729 0.6815843621399177 0.6304012345679012 0.7222222222222222 0.5814043209876543 0.720679012345679
0 0.7033179012345679 0.6784979423868313 0.75 0.6795267489711934 0.7492283950617284 0.720164609053498 0.7029320987654321 0.7186213991769548
0 0.8337191358024691 0.6728395061728395 0.8823302469135802 0.6738683127572016 0.8815586419753086 0.7160493827160493 0.8333333333333334 0.7145061728395061
1 0.00038580246913580245 0.9017489711934157 0.015817901234567902 0.9012345679012346 0.016203703703703703 0.9418724279835391 0.0007716049382716049 0.9418724279835391
0 0.13271604938271606 0.9053497942386831 0.18518518518518517 0.9068930041152263 0.18441358024691357 0.9470164609053497 0.13194444444444445 0.9454732510288066
0 0.29205246913580246 0.9156378600823045 0.3445216049382716 0.9171810699588477 0.34375 0.9567901234567902 0.2916666666666667 0.9552469135802469
0 0.45100308641975306 0.9125514403292181 0.5011574074074074 0.9140946502057613 0.5003858024691358 0.9542181069958847 0.4506172839506173 0.9526748971193416
0 0.5879629629629629 0.911522633744856 0.6381172839506173 0.9130658436213992 0.6373456790123457 0.9531893004115226 0.5875771604938271 0.9516460905349794
0 0.7233796296296297 0.9084362139917695 0.7735339506172839 0.9099794238683128 0.7727623456790124 0.9501028806584362 0.7229938271604939 0.948559670781893
0 0.8530092592592593 0.904320987654321 0.9000771604938271 0.9038065843621399 0.9004629629629629 0.9470164609053497 0.8533950617283951 0.9475308641975309
1 0.9791666666666666 0.9038065843621399 0.9992283950617284 0.9038065843621399 0.9996141975308642 0.9444444444444444 0.9791666666666666 0.9449588477366255
