2 0.07908950617283951 0.169238683127572 0.12345679012345678 0.169238683127572 0.12345679012345678 0.20164609053497942 0.07908950617283951 0.20164609053497942
2 0.20987654320987653 0.16718106995884774 0.25578703703703703 0.16718106995884774 0.25578703703703703 0.19958847736625515 0.20987654320987653 0.19958847736625515
2 0.3699845679012346 0.1697530864197531 0.4224537037037037 0.169238683127572 0.4224537037037037 0.19855967078189302 0.3699845679012346 0.19907407407407407
2 0.6014660493827161 0.16718106995884774 0.6342592592592593 0.16718106995884774 0.6342592592592593 0.19855967078189302 0.6014660493827161 0.19855967078189302
2 0.8155864197530864 0.16049382716049382 0.8580246913580247 0.15997942386831276 0.8580246913580247 0.19753086419753085 0.8159722222222222 0.19804526748971193
2 0.06867283950617284 0.3487654320987654 0.13001543209876543 0.3487654320987654 0.13001543209876543 0.3801440329218107 0.06867283950617284 0.3801440329218107
2 0.2523148148148148 0.345679012345679 0.3028549382716049 0.345679012345679 0.3028549382716049 0.37705761316872427 0.2523148148148148 0.37705761316872427
2 0.4382716049382716 0.3533950617283951 0.49382716049382713 0.35185185185185186 0.49421296296296297 0.37911522633744854 0.4386574074074074 0.38065843621399176
2 0.6084104938271605 0.3487654320987654 0.6635802469135802 0.3487654320987654 0.6635802469135802 0.37808641975308643 0.6084104938271605 0.37808641975308643
2 0.7588734567901234 0.3477366255144033 0.8140432098765432 0.3477366255144033 0.8140432098765432 0.37705761316872427 0.7588734567901234 0.37705761316872427
2 0.9124228395061729 0.3436213991769547 0.9722222222222222 0.3436213991769547 0.9722222222222222 0.37397119341563784 0.9124228395061729 0.37397119341563784
2 0.08101851851851852 0.668724279835391 0.14544753086419754 0.668724279835391 0.14544753086419754 0.6934156378600823 0.08101851851851852 0.6934156378600823
2 0.2345679012345679 0.6697530864197531 0.2959104938271605 0.6697530864197531 0.2959104938271605 0.6970164609053497 0.2345679012345679 0.6970164609053497
2 0.3715277777777778 0.6707818930041153 0.42901234567901236 0.6707818930041153 0.42901234567901236 0.6959876543209876 0.3715277777777778 0.6959876543209876
2 0.4965277777777778 0.6707818930041153 0.5540123456790124 0.6707818930041153 0.5540123456790124 0.698045267489712 0.4965277777777778 0.698045267489712
0 0.6076388888888888 0.668724279835391 0.6697530864197531 0.668724279835391 0.6697530864197531 0.6990740740740741 0.6076388888888888 0.6990740740740741
0 0.7638888888888888 0.6759259259259259 0.8182870370370371 0.6779835390946503 0.8179012345679012 0.7026748971193416 0.7635030864197531 0.7001028806584362
0 0.8858024691358025 0.676954732510288 0.9456018518518519 0.6759259259259259 0.9459876543209876 0.7057613168724279 0.8861882716049383 0.7067901234567902
2 0.06712962962962964 0.8472222222222222 0.12268518518518519 0.845679012345679 0.12307098765432099 0.8708847736625515 0.06751543209876543 0.8724279835390947
2 0.22299382716049382 0.852366255144033 0.2785493827160494 0.8508230452674898 0.2789351851851852 0.8760288065843621 0.22337962962962962 0.8775720164609053
2 0.373070987654321 0.852366255144033 0.4224537037037037 0.852366255144033 0.4224537037037037 0.8786008230452675 0.373070987654321 0.8786008230452675
2 0.4965277777777778 0.8533950617283951 0.5462962962962963 0.8533950617283951 0.5462962962962963 0.8791152263374485 0.4965277777777778 0.8791152263374485
2 0.6253858024691358 0.8580246913580247 0.6902006172839507 0.8600823045267489 0.6898148148148148 0.8842592592592593 0.625 0.8827160493827161
0 0.7692901234567902 0.8616255144032922 0.8302469135802469 0.8636831275720165 0.8298611111111112 0.8899176954732511 0.7689043209876543 0.8883744855967078
0 0.9027777777777778 0.8636831275720165 0.9675925925925926 0.8698559670781894 0.9664351851851852 0.8966049382716049 0.9016203703703703 0.8904320987654321
