3 0.0 0.07767489711934156 0.016975308641975308 0.07767489711934156 0.016975308641975308 0.11419753086419752 0.0 0.11419753086419752
2 0.1095679012345679 0.07561728395061729 0.15817901234567902 0.07561728395061729 0.15817901234567902 0.11162551440329219 0.1095679012345679 0.11162551440329219
2 0.2191358024691358 0.07716049382716049 0.2681327160493827 0.07767489711934156 0.2681327160493827 0.11368312757201646 0.21875 0.11316872427983539
2 0.39776234567901236 0.07716049382716049 0.44483024691358025 0.07767489711934156 0.4444444444444444 0.11368312757201646 0.39737654320987653 0.11316872427983539
2 0.5227623456790124 0.073559670781893 0.5667438271604939 0.07407407407407407 0.566358024691358 0.11008230452674897 0.5223765432098766 0.1095679012345679
2 0.6493055555555556 0.07973251028806584 0.6940586419753086 0.07921810699588477 0.6940586419753086 0.11728395061728394 0.6496913580246914 0.1183127572016461
2 0.7503858024691358 0.08024691358024691 0.7951388888888888 0.08076131687242798 0.7947530864197531 0.11728395061728394 0.75 0.11728395061728394
2 0.8819444444444444 0.09156378600823045 0.9220679012345679 0.09310699588477367 0.9212962962962963 0.12757201646090535 0.8815586419753086 0.12654320987654322
1 0.00038580246913580245 0.37911522633744854 0.010030864197530864 0.37911522633744854 0.009259259259259259 0.41460905349794236 0.0 0.4140946502057613
0 0.11072530864197531 0.37037037037037035 0.1558641975308642 0.37705761316872427 0.1527777777777778 0.4156378600823045 0.10802469135802469 0.4094650205761317
0 0.22993827160493827 0.3775720164609053 0.27199074074074076 0.37911522633744854 0.2716049382716049 0.41460905349794236 0.22955246913580246 0.4130658436213992
0 0.3773148148148148 0.3786008230452675 0.4201388888888889 0.3801440329218107 0.4193672839506173 0.4176954732510288 0.376929012345679 0.4161522633744856
0 0.5856481481481481 0.3801440329218107 0.6334876543209876 0.38117283950617287 0.6331018518518519 0.4182098765432099 0.5852623456790124 0.4176954732510288
0 0.7723765432098766 0.3713991769547325 0.8167438271604939 0.3698559670781893 0.8175154320987654 0.4094650205761317 0.7731481481481481 0.41100823045267487
0 0.9467592592592593 0.36522633744855965 0.9953703703703703 0.367798353909465 0.9942129629629629 0.4104938271604938 0.9456018518518519 0.4074074074074074
0 0.05787037037037037 0.6697530864197531 0.10416666666666667 0.6723251028806584 0.10300925925925926 0.7103909465020576 0.056712962962962965 0.7073045267489712
0 0.18132716049382716 0.6718106995884774 0.22762345679012347 0.6723251028806584 0.22723765432098766 0.7119341563786008 0.18094135802469136 0.7109053497942387
0 0.36728395061728397 0.6728395061728395 0.41435185185185186 0.6754115226337448 0.4131944444444444 0.7139917695473251 0.36612654320987653 0.7109053497942387
0 0.5212191358024691 0.676440329218107 0.5675154320987654 0.6795267489711934 0.5659722222222222 0.7165637860082305 0.5196759259259259 0.713477366255144
0 0.7280092592592593 0.676954732510288 0.779320987654321 0.6774691358024691 0.7789351851851852 0.7186213991769548 0.7280092592592593 0.7181069958847737
0 0.9182098765432098 0.6867283950617284 0.9675925925925926 0.6887860082304527 0.9664351851851852 0.7258230452674898 0.9170524691358025 0.7237654320987654
2 0.003472222222222222 0.941358024691358 0.060570987654320986 0.940843621399177 0.060570987654320986 0.977366255144033 0.0038580246913580245 0.977880658436214
0 0.21412037037037038 0.9459876543209876 0.2611882716049383 0.9454732510288066 0.2611882716049383 0.9850823045267489 0.21412037037037038 0.9850823045267489
0 0.4027777777777778 0.9439300411522634 0.44521604938271603 0.9434156378600823 0.44521604938271603 0.9794238683127572 0.40316358024691357 0.9794238683127572
0 0.5721450617283951 0.9346707818930041 0.6180555555555556 0.9346707818930041 0.6180555555555556 0.9722222222222222 0.5721450617283951 0.9727366255144033
0 0.7314814814814815 0.933641975308642 0.7770061728395061 0.933641975308642 0.7770061728395061 0.9732510288065843 0.7314814814814815 0.9732510288065843
2 0.8896604938271605 0.9104938271604939 0.9290123456790124 0.9104938271604939 0.9290123456790124 0.9470164609053497 0.8896604938271605 0.9470164609053497
2 0.9131944444444444 0.9490740740740741 0.9525462962962963 0.9490740740740741 0.9525462962962963 0.98559670781893 0.9131944444444444 0.98559670781893
