0 0.29012345679012347 0.21862139917695472 0.3452932098765432 0.2222222222222222 0.3441358024691358 0.25925925925925924 0.28896604938271603 0.25565843621399176
0 0.4479166666666667 0.22119341563786007 0.5011574074074074 0.2227366255144033 0.5007716049382716 0.26286008230452673 0.44753086419753085 0.2613168724279835
0 0.5964506172839507 0.22479423868312756 0.6547067901234568 0.22325102880658437 0.6550925925925926 0.26337448559670784 0.5968364197530864 0.26440329218106995
0 0.7704475308641975 0.22376543209876543 0.8236882716049383 0.22582304526748972 0.8225308641975309 0.2664609053497942 0.7692901234567902 0.26440329218106995
0 0.13040123456790123 0.20781893004115226 0.18557098765432098 0.21450617283950618 0.18287037037037038 0.25308641975308643 0.12808641975308643 0.24691358024691357
0 0.047839506172839504 0.45267489711934156 0.10030864197530864 0.4531893004115226 0.09992283950617284 0.492798353909465 0.047453703703703706 0.49176954732510286
0 0.41396604938271603 0.45987654320987653 0.47800925925925924 0.463477366255144 0.47685185185185186 0.5020576131687243 0.41280864197530864 0.49897119341563784
0 0.8059413580246914 0.4722222222222222 0.8611111111111112 0.4727366255144033 0.8611111111111112 0.5092592592592593 0.8059413580246914 0.5087448559670782
0 0.6215277777777778 0.4645061728395062 0.6747685185185185 0.46502057613168724 0.6743827160493827 0.5020576131687243 0.621141975308642 0.5010288065843621
0 0.2337962962962963 0.4537037037037037 0.29012345679012347 0.4573045267489712 0.28858024691358025 0.4963991769547325 0.2322530864197531 0.492798353909465
2 0.9317129629629629 0.22582304526748972 0.9915123456790124 0.22479423868312756 0.9918981481481481 0.26080246913580246 0.9317129629629629 0.2613168724279835
2 0.9278549382716049 0.8487654320987654 0.9830246913580247 0.8503086419753086 0.9822530864197531 0.8940329218106996 0.9270833333333334 0.8919753086419753
2 0.7631172839506173 0.8415637860082305 0.814429012345679 0.8431069958847737 0.8136574074074074 0.8852880658436214 0.7627314814814815 0.8837448559670782
2 0.5486111111111112 0.8348765432098766 0.6068672839506173 0.838477366255144 0.6057098765432098 0.8786008230452675 0.5470679012345679 0.875
2 0.37191358024691357 0.8307613168724279 0.4243827160493827 0.8353909465020576 0.4224537037037037 0.8713991769547325 0.37037037037037035 0.8667695473251029
2 0.2052469135802469 0.8297325102880658 0.2646604938271605 0.8292181069958847 0.2650462962962963 0.8744855967078189 0.2056327160493827 0.875
