2 0.1566358024691358 0.4773662551440329 0.19212962962962962 0.4773662551440329 0.19212962962962962 0.5061728395061729 0.1566358024691358 0.5061728395061729
2 0.3445216049382716 0.4722222222222222 0.3942901234567901 0.4722222222222222 0.3942901234567901 0.5030864197530864 0.3445216049382716 0.5030864197530864
2 0.5081018518518519 0.4727366255144033 0.5516975308641975 0.4727366255144033 0.5516975308641975 0.5041152263374485 0.5081018518518519 0.5041152263374485
2 0.6257716049382716 0.470679012345679 0.6682098765432098 0.470679012345679 0.6682098765432098 0.5030864197530864 0.6257716049382716 0.5030864197530864
2 0.7584876543209876 0.4711934156378601 0.8016975308641975 0.4711934156378601 0.8016975308641975 0.5041152263374485 0.7584876543209876 0.5041152263374485
2 0.8912037037037037 0.4758230452674897 0.9402006172839507 0.4758230452674897 0.9402006172839507 0.5082304526748971 0.8912037037037037 0.5082304526748971
2 0.9131944444444444 0.6527777777777778 0.9533179012345679 0.6579218106995884 0.9510030864197531 0.6856995884773662 0.9112654320987654 0.6805555555555556
2 0.7037037037037037 0.6517489711934157 0.7438271604938271 0.6517489711934157 0.7438271604938271 0.6795267489711934 0.7037037037037037 0.6795267489711934
2 0.5806327160493827 0.6502057613168725 0.6172839506172839 0.6502057613168725 0.6172839506172839 0.6795267489711934 0.5806327160493827 0.6795267489711934
2 0.45601851851851855 0.6486625514403292 0.4965277777777778 0.6486625514403292 0.4965277777777778 0.6805555555555556 0.45601851851851855 0.6805555555555556
2 0.31867283950617287 0.6538065843621399 0.36226851851851855 0.6538065843621399 0.36226851851851855 0.6862139917695473 0.31867283950617287 0.6862139917695473
2 0.21064814814814814 0.6604938271604939 0.2465277777777778 0.6604938271604939 0.2465277777777778 0.6898148148148148 0.21064814814814814 0.6898148148148148
2 0.10185185185185185 0.6630658436213992 0.13233024691358025 0.6635802469135802 0.13233024691358025 0.6923868312757202 0.10185185185185185 0.6923868312757202
2 0.21103395061728394 0.9212962962962963 0.2488425925925926 0.9212962962962963 0.2488425925925926 0.9609053497942387 0.21103395061728394 0.9609053497942387
2 0.4324845679012346 0.9140946502057613 0.47878086419753085 0.9140946502057613 0.47878086419753085 0.9521604938271605 0.4324845679012346 0.9521604938271605
2 0.5810185185185185 0.9099794238683128 0.6222993827160493 0.9099794238683128 0.6222993827160493 0.9521604938271605 0.5810185185185185 0.9521604938271605
2 0.7982253086419753 0.9161522633744856 0.839891975308642 0.9161522633744856 0.839891975308642 0.9521604938271605 0.7982253086419753 0.9521604938271605
2 0.9483024691358025 0.9171810699588477 0.9837962962962963 0.9202674897119342 0.9822530864197531 0.9531893004115226 0.9463734567901234 0.9495884773662552
2 0.7056327160493827 0.2613168724279835 0.7472993827160493 0.2613168724279835 0.7472993827160493 0.2911522633744856 0.7056327160493827 0.2911522633744856
2 0.8275462962962963 0.26440329218106995 0.8665123456790124 0.26440329218106995 0.8665123456790124 0.2916666666666667 0.8275462962962963 0.2916666666666667
2 0.9471450617283951 0.2623456790123457 0.9915123456790124 0.2623456790123457 0.9915123456790124 0.29372427983539096 0.9471450617283951 0.29372427983539096
2 0.5667438271604939 0.26080246913580246 0.6138117283950617 0.26080246913580246 0.6138117283950617 0.2926954732510288 0.5667438271604939 0.2926954732510288
2 0.4054783950617284 0.26337448559670784 0.4537037037037037 0.26337448559670784 0.4537037037037037 0.29372427983539096 0.4054783950617284 0.29372427983539096
2 0.26697530864197533 0.26440329218106995 0.3152006172839506 0.2618312757201646 0.3159722222222222 0.29218106995884774 0.26774691358024694 0.29475308641975306
2 0.13117283950617284 0.2654320987654321 0.17669753086419754 0.2654320987654321 0.17669753086419754 0.29732510288065844 0.13117283950617284 0.29732510288065844
2 0.0 0.27109053497942387 0.041666666666666664 0.26697530864197533 0.04359567901234568 0.2978395061728395 0.0015432098765432098 0.30246913580246915
2 0.09567901234567901 0.14506172839506173 0.13348765432098766 0.14506172839506173 0.13348765432098766 0.16666666666666666 0.09567901234567901 0.16666666666666666
2 0.19675925925925927 0.14300411522633744 0.2368827160493827 0.14248971193415638 0.2368827160493827 0.169238683127572 0.19675925925925927 0.1697530864197531
2 0.2970679012345679 0.14300411522633744 0.33719135802469136 0.14248971193415638 0.33719135802469136 0.169238683127572 0.2970679012345679 0.1697530864197531
2 0.41087962962962965 0.1388888888888889 0.45447530864197533 0.1404320987654321 0.4540895061728395 0.16512345679012347 0.4104938271604938 0.1640946502057613
2 0.6018518518518519 0.13425925925925927 0.6442901234567902 0.13477366255144033 0.6442901234567902 0.16306584362139917 0.6018518518518519 0.16306584362139917
2 0.8094135802469136 0.13580246913580246 0.8483796296296297 0.13580246913580246 0.8483796296296297 0.16203703703703703 0.8094135802469136 0.16203703703703703
