2 0.008487654320987654 0.07407407407407407 0.05555555555555555 0.07716049382716049 0.05439814814814815 0.1147119341563786 0.0073302469135802465 0.11213991769547325
2 0.10570987654320987 0.08024691358024691 0.15393518518518517 0.08333333333333333 0.1527777777777778 0.1198559670781893 0.10455246913580248 0.11728395061728394
2 0.22839506172839505 0.08487654320987655 0.2820216049382716 0.08693415637860083 0.28125 0.12242798353909465 0.22762345679012347 0.12037037037037036
2 0.3757716049382716 0.09207818930041152 0.4251543209876543 0.0941358024691358 0.4243827160493827 0.12602880658436214 0.3753858024691358 0.12448559670781893
2 0.5308641975308642 0.09567901234567901 0.5740740740740741 0.09722222222222222 0.5733024691358025 0.13271604938271606 0.5300925925925926 0.13117283950617284
2 0.6655092592592593 0.11059670781893004 0.71875 0.11213991769547325 0.7179783950617284 0.1440329218106996 0.6651234567901234 0.1419753086419753
2 0.8175154320987654 0.12037037037037036 0.8715277777777778 0.12242798353909465 0.8707561728395061 0.15123456790123457 0.8171296296296297 0.14917695473251028
2 0.9425154320987654 0.12191358024691358 0.9926697530864198 0.12397119341563786 0.9918981481481481 0.15534979423868311 0.9417438271604939 0.15380658436213993
3 0.0011574074074074073 0.2762345679012346 0.03587962962962963 0.27829218106995884 0.034722222222222224 0.3153292181069959 0.0 0.3132716049382716
2 0.13425925925925927 0.2916666666666667 0.18904320987654322 0.2911522633744856 0.18942901234567902 0.32098765432098764 0.13425925925925927 0.3220164609053498
2 0.3908179012345679 0.2932098765432099 0.4486882716049383 0.2926954732510288 0.44907407407407407 0.3297325102880658 0.3908179012345679 0.330761316872428
2 0.5852623456790124 0.2978395061728395 0.6415895061728395 0.29989711934156377 0.6408179012345679 0.3333333333333333 0.5844907407407407 0.3317901234567901
2 0.716820987654321 0.3055555555555556 0.7635030864197531 0.30709876543209874 0.7627314814814815 0.33899176954732513 0.7160493827160493 0.3369341563786008
2 0.8302469135802469 0.30709876543209874 0.8869598765432098 0.30915637860082307 0.8865740740740741 0.34002057613168724 0.8298611111111112 0.33796296296296297
2 0.040123456790123455 0.595164609053498 0.09606481481481481 0.5967078189300411 0.09529320987654322 0.6280864197530864 0.03935185185185185 0.6260288065843621
2 0.22530864197530864 0.5946502057613169 0.2839506172839506 0.5967078189300411 0.283179012345679 0.6275720164609053 0.22492283950617284 0.6255144032921811
2 0.38387345679012347 0.6013374485596708 0.44135802469135804 0.6033950617283951 0.44058641975308643 0.6363168724279835 0.38310185185185186 0.6342592592592593
2 0.5451388888888888 0.6095679012345679 0.6026234567901234 0.6111111111111112 0.6018518518518519 0.6435185185185185 0.5447530864197531 0.6419753086419753
2 0.6929012345679012 0.6141975308641975 0.7430555555555556 0.6162551440329218 0.7422839506172839 0.6455761316872428 0.6917438271604939 0.6430041152263375
2 0.8869598765432098 0.6198559670781894 0.9359567901234568 0.6208847736625515 0.935570987654321 0.6496913580246914 0.8865740740740741 0.6491769547325102
2 0.07291666666666667 0.8415637860082305 0.12345679012345678 0.8425925925925926 0.12307098765432099 0.8765432098765432 0.07253086419753087 0.8760288065843621
2 0.1878858024691358 0.8420781893004116 0.24537037037037038 0.8441358024691358 0.24459876543209877 0.8837448559670782 0.1871141975308642 0.8816872427983539
2 0.33449074074074076 0.8472222222222222 0.3942901234567901 0.8497942386831275 0.39351851851851855 0.8852880658436214 0.33371913580246915 0.8832304526748971
2 0.47762345679012347 0.8503086419753086 0.5300925925925926 0.8549382716049383 0.5281635802469136 0.8914609053497943 0.4756944444444444 0.8868312757201646
2 0.6747685185185185 0.8590534979423868 0.7260802469135802 0.8636831275720165 0.7245370370370371 0.8966049382716049 0.6732253086419753 0.8919753086419753
2 0.8009259259259259 0.8667695473251029 0.847608024691358 0.8713991769547325 0.8460648148148148 0.9038065843621399 0.7993827160493827 0.8996913580246914
2 0.9070216049382716 0.8724279835390947 0.9552469135802469 0.8739711934156379 0.9544753086419753 0.9084362139917695 0.90625 0.9068930041152263
