0 0.529320987654321 0.49897119341563784 0.5837191358024691 0.49897119341563784 0.5837191358024691 0.5360082304526749 0.529320987654321 0.5360082304526749
0 0.3777006172839506 0.5015432098765432 0.4351851851851852 0.5015432098765432 0.4351851851851852 0.536522633744856 0.3777006172839506 0.536522633744856
0 0.6956018518518519 0.5005144032921811 0.7465277777777778 0.49897119341563784 0.7469135802469136 0.5344650205761317 0.6963734567901234 0.5360082304526749
2 0.19020061728395063 0.4974279835390947 0.24537037037037038 0.4974279835390947 0.24537037037037038 0.529320987654321 0.19020061728395063 0.529320987654321
0 0.2638888888888889 0.25205761316872427 0.32253086419753085 0.2525720164609053 0.3221450617283951 0.2916666666666667 0.2638888888888889 0.2916666666666667
0 0.052083333333333336 0.49588477366255146 0.09915123456790123 0.49588477366255146 0.09915123456790123 0.5272633744855967 0.052083333333333336 0.5272633744855967
0 0.09375 0.25051440329218105 0.14621913580246915 0.2515432098765432 0.14544753086419754 0.286522633744856 0.09297839506172839 0.2854938271604938
0 0.691358024691358 0.2525720164609053 0.7488425925925926 0.2536008230452675 0.7484567901234568 0.2926954732510288 0.6909722222222222 0.29218106995884774
0 0.47762345679012347 0.25 0.5385802469135802 0.25 0.5389660493827161 0.28858024691358025 0.47762345679012347 0.2890946502057613
0 0.8641975308641975 0.24794238683127573 0.9205246913580247 0.24794238683127573 0.9209104938271605 0.286522633744856 0.8641975308641975 0.286522633744856
2 0.8341049382716049 0.49691358024691357 0.8892746913580247 0.4963991769547325 0.8896604938271605 0.5308641975308642 0.8341049382716049 0.5313786008230452
2 0.8263888888888888 0.801440329218107 0.8757716049382716 0.8009259259259259 0.8761574074074074 0.8359053497942387 0.8267746913580247 0.8364197530864198
2 0.6643518518518519 0.801954732510288 0.714891975308642 0.801440329218107 0.7152777777777778 0.8353909465020576 0.6647376543209876 0.8359053497942387
2 0.4722222222222222 0.8034979423868313 0.5270061728395061 0.8029835390946503 0.527391975308642 0.8379629629629629 0.47260802469135804 0.838477366255144
2 0.3387345679012346 0.7983539094650206 0.3869598765432099 0.8004115226337448 0.3861882716049383 0.831275720164609 0.33796296296296297 0.8292181069958847
2 0.20601851851851852 0.8040123456790124 0.26273148148148145 0.8024691358024691 0.2631172839506173 0.8379629629629629 0.20640432098765432 0.8395061728395061
0 0.050540123456790126 0.8024691358024691 0.10223765432098765 0.8029835390946503 0.10223765432098765 0.8369341563786008 0.050540123456790126 0.8364197530864198
3 0.9749228395061729 0.7983539094650206 0.9992283950617284 0.7983539094650206 0.9992283950617284 0.8369341563786008 0.9749228395061729 0.8369341563786008
