0 0.16396604938271606 0.16203703703703703 0.2183641975308642 0.16203703703703703 0.2183641975308642 0.19393004115226337 0.16396604938271606 0.19393004115226337
0 0.7885802469135802 0.16152263374485595 0.839891975308642 0.16152263374485595 0.839891975308642 0.19290123456790123 0.7885802469135802 0.19290123456790123
0 0.5327932098765432 0.15380658436213993 0.5902777777777778 0.15792181069958847 0.5887345679012346 0.19238683127572018 0.5316358024691358 0.18878600823045266
0 0.33449074074074076 0.1610082304526749 0.3873456790123457 0.15792181069958847 0.38850308641975306 0.19135802469135801 0.33564814814814814 0.1949588477366255
0 0.9324845679012346 0.16152263374485595 0.9876543209876543 0.16152263374485595 0.9876543209876543 0.1949588477366255 0.9324845679012346 0.1949588477366255
0 0.2322530864197531 0.345679012345679 0.28665123456790126 0.3425925925925926 0.28780864197530864 0.37962962962962965 0.2334104938271605 0.38323045267489714
0 0.39351851851851855 0.3395061728395062 0.4486882716049383 0.3395061728395062 0.44830246913580246 0.37705761316872427 0.39351851851851855 0.37705761316872427
0 0.5455246913580247 0.34156378600823045 0.597608024691358 0.34156378600823045 0.597608024691358 0.37705761316872427 0.5455246913580247 0.37705761316872427
0 0.6786265432098766 0.34310699588477367 0.7345679012345679 0.34002057613168724 0.7353395061728395 0.37705761316872427 0.6797839506172839 0.3801440329218107
0 0.030864197530864196 0.6316872427983539 0.08410493827160494 0.6332304526748971 0.08333333333333333 0.6661522633744856 0.030478395061728395 0.6651234567901234
0 0.8190586419753086 0.3395061728395062 0.8684413580246914 0.3395061728395062 0.8684413580246914 0.37705761316872427 0.8186728395061729 0.37705761316872427
0 0.1527777777777778 0.6301440329218106 0.2052469135802469 0.6316872427983539 0.2044753086419753 0.6646090534979424 0.15200617283950618 0.6630658436213992
0 0.2646604938271605 0.6332304526748971 0.31790123456790126 0.6332304526748971 0.31790123456790126 0.6635802469135802 0.2646604938271605 0.6635802469135802
0 0.4112654320987654 0.6280864197530864 0.46296296296296297 0.6280864197530864 0.46257716049382713 0.6625514403292181 0.4112654320987654 0.6625514403292181
0 0.6307870370370371 0.6270576131687243 0.689429012345679 0.6301440329218106 0.6882716049382716 0.6625514403292181 0.6296296296296297 0.6594650205761317
0 0.7658179012345679 0.6316872427983539 0.8236882716049383 0.6306584362139918 0.8240740740740741 0.6646090534979424 0.7662037037037037 0.6656378600823045
0 0.9016203703703703 0.6327160493827161 0.9567901234567902 0.632201646090535 0.9571759259259259 0.6640946502057613 0.9020061728395061 0.6651234567901234
0 0.15239197530864199 0.8930041152263375 0.20987654320987653 0.8940329218106996 0.20949074074074073 0.926954732510288 0.15200617283950618 0.9259259259259259
0 0.3074845679012346 0.8919753086419753 0.36728395061728397 0.8950617283950617 0.36651234567901236 0.9284979423868313 0.30632716049382713 0.9248971193415638
0 0.4371141975308642 0.8909465020576132 0.4888117283950617 0.8899176954732511 0.48919753086419754 0.9243827160493827 0.4375 0.9254115226337448
0 0.5652006172839507 0.8878600823045267 0.6176697530864198 0.8914609053497943 0.6161265432098766 0.9238683127572016 0.5636574074074074 0.9202674897119342
0 0.7762345679012346 0.8940329218106996 0.8306327160493827 0.8966049382716049 0.8298611111111112 0.9326131687242798 0.7754629629629629 0.9300411522633745
0 0.0007716049382716049 0.8909465020576132 0.058256172839506175 0.8919753086419753 0.05787037037037037 0.9218106995884774 0.00038580246913580245 0.9212962962962963
1 0.0007716049382716049 0.34156378600823045 0.04128086419753087 0.3420781893004115 0.04128086419753087 0.37602880658436216 0.00038580246913580245 0.37551440329218105
