2 0.46334876543209874 0.2916666666666667 0.5119598765432098 0.2916666666666667 0.5119598765432098 0.3359053497942387 0.46334876543209874 0.3359053497942387
2 0.6003086419753086 0.286522633744856 0.6508487654320988 0.2808641975308642 0.6535493827160493 0.32613168724279834 0.6030092592592593 0.33127572016460904
2 0.7318672839506173 0.2757201646090535 0.7797067901234568 0.27314814814814814 0.7808641975308642 0.3184156378600823 0.7330246913580247 0.32098765432098764
2 0.8703703703703703 0.2741769547325103 0.9155092592592593 0.27314814814814814 0.9158950617283951 0.3148148148148148 0.8707561728395061 0.3153292181069959
2 0.33101851851851855 0.2968106995884774 0.3761574074074074 0.29835390946502055 0.3753858024691358 0.3420781893004115 0.33024691358024694 0.3410493827160494
2 0.1381172839506173 0.29218106995884774 0.19675925925925927 0.28960905349794236 0.19791666666666666 0.3395061728395062 0.1392746913580247 0.3420781893004115
2 0.0019290123456790122 0.3045267489711934 0.052083333333333336 0.3029835390946502 0.05285493827160494 0.34670781893004116 0.002700617283950617 0.3487654320987654
2 0.14930555555555555 0.6929012345679012 0.19945987654320987 0.6898148148148148 0.2006172839506173 0.7299382716049383 0.15046296296296297 0.7325102880658436
2 0.3248456790123457 0.6779835390946503 0.3680555555555556 0.6795267489711934 0.36689814814814814 0.7217078189300411 0.3236882716049383 0.7196502057613169
2 0.4737654320987654 0.6779835390946503 0.5177469135802469 0.676954732510288 0.5181327160493827 0.7160493827160493 0.47415123456790126 0.7165637860082305
2 0.6701388888888888 0.6733539094650206 0.7141203703703703 0.6692386831275721 0.7160493827160493 0.7083333333333334 0.6720679012345679 0.7124485596707819
2 0.9158950617283951 0.6671810699588477 0.9494598765432098 0.6640946502057613 0.9510030864197531 0.6970164609053497 0.9174382716049383 0.6995884773662552
2 0.09645061728395062 0.815843621399177 0.1423611111111111 0.8148148148148148 0.1427469135802469 0.8549382716049383 0.09683641975308642 0.8554526748971193
2 0.2797067901234568 0.8137860082304527 0.32060185185185186 0.808641975308642 0.3229166666666667 0.8389917695473251 0.2820216049382716 0.8441358024691358
2 0.4583333333333333 0.8060699588477366 0.5023148148148148 0.8055555555555556 0.5027006172839507 0.8441358024691358 0.45871913580246915 0.845164609053498
2 0.6157407407407407 0.7983539094650206 0.6539351851851852 0.7978395061728395 0.654320987654321 0.8353909465020576 0.6161265432098766 0.8359053497942387
2 0.7619598765432098 0.7998971193415638 0.8043981481481481 0.7988683127572016 0.8047839506172839 0.8379629629629629 0.7623456790123457 0.838477366255144
2 0.9112654320987654 0.7942386831275721 0.9440586419753086 0.7906378600823045 0.9456018518518519 0.8184156378600823 0.9131944444444444 0.8220164609053497
2 0.1408179012345679 0.05606995884773663 0.1875 0.05298353909465021 0.18904320987654322 0.09619341563786009 0.1423611111111111 0.09876543209876543
2 0.2993827160493827 0.05298353909465021 0.3449074074074074 0.051440329218107 0.345679012345679 0.08847736625514403 0.3001543209876543 0.09053497942386832
2 0.5408950617283951 0.038580246913580245 0.589891975308642 0.03652263374485597 0.5906635802469136 0.07664609053497942 0.5420524691358025 0.0787037037037037
2 0.7573302469135802 0.02263374485596708 0.808641975308642 0.01440329218106996 0.8125 0.058127572016460904 0.7611882716049383 0.06584362139917696
