2 0.07484567901234568 0.31121399176954734 0.1253858024691358 0.31121399176954734 0.1253858024691358 0.34670781893004116 0.07484567901234568 0.34670781893004116
2 0.27199074074074076 0.1522633744855967 0.2970679012345679 0.1522633744855967 0.2970679012345679 0.1712962962962963 0.27199074074074076 0.1712962962962963
2 0.5088734567901234 0.14814814814814814 0.5370370370370371 0.14814814814814814 0.5370370370370371 0.1815843621399177 0.5088734567901234 0.1815843621399177
2 0.6585648148148148 0.15020576131687244 0.6878858024691358 0.15020576131687244 0.6878858024691358 0.17181069958847736 0.6585648148148148 0.17181069958847736
2 0.7978395061728395 0.15895061728395063 0.8298611111111112 0.15895061728395063 0.8298611111111112 0.1800411522633745 0.7978395061728395 0.1800411522633745
2 0.9340277777777778 0.1476337448559671 0.9695216049382716 0.14660493827160495 0.9702932098765432 0.18055555555555555 0.9347993827160493 0.18209876543209877
2 0.08333333333333333 0.15329218106995884 0.11188271604938271 0.1527777777777778 0.11226851851851852 0.17541152263374485 0.08371913580246913 0.17592592592592593
2 0.2646604938271605 0.31430041152263377 0.30787037037037035 0.31430041152263377 0.30787037037037035 0.345679012345679 0.2646604938271605 0.345679012345679
2 0.41165123456790126 0.31224279835390945 0.4506172839506173 0.31224279835390945 0.4506172839506173 0.3477366255144033 0.41165123456790126 0.3477366255144033
2 0.5443672839506173 0.31790123456790126 0.5860339506172839 0.31635802469135804 0.5868055555555556 0.3508230452674897 0.5451388888888888 0.3523662551440329
2 0.6979166666666666 0.31790123456790126 0.7380401234567902 0.3194444444444444 0.7372685185185185 0.3497942386831276 0.6975308641975309 0.3482510288065844
2 0.8422067901234568 0.31995884773662553 0.8896604938271605 0.31635802469135804 0.8908179012345679 0.3487654320987654 0.8433641975308642 0.3523662551440329
3 0.9749228395061729 0.3245884773662551 0.9992283950617284 0.32407407407407407 0.9992283950617284 0.35545267489711935 0.9749228395061729 0.3559670781893004
0 0.09452160493827161 0.6383744855967078 0.14853395061728394 0.6383744855967078 0.14853395061728394 0.6697530864197531 0.09452160493827161 0.6697530864197531
0 0.3028549382716049 0.6358024691358025 0.35725308641975306 0.6399176954732511 0.3557098765432099 0.6728395061728395 0.3013117283950617 0.668724279835391
0 0.4660493827160494 0.6435185185185185 0.5212191358024691 0.6455761316872428 0.5204475308641975 0.6795267489711934 0.46566358024691357 0.6774691358024691
2 0.6180555555555556 0.6435185185185185 0.6693672839506173 0.6455761316872428 0.6685956790123457 0.6790123456790124 0.6172839506172839 0.676954732510288
2 0.7700617283950617 0.6450617283950617 0.8302469135802469 0.6502057613168725 0.8287037037037037 0.6862139917695473 0.7681327160493827 0.6810699588477366
1 0.9587191358024691 0.6507201646090535 0.9996141975308642 0.6512345679012346 0.9992283950617284 0.6882716049382716 0.9583333333333334 0.6877572016460906
3 0.0 0.8755144032921811 0.04243827160493827 0.8755144032921811 0.04243827160493827 0.9140946502057613 0.0 0.9140946502057613
2 0.21875 0.8796296296296297 0.2646604938271605 0.8780864197530864 0.2654320987654321 0.9156378600823045 0.2195216049382716 0.9171810699588477
2 0.44405864197530864 0.8796296296296297 0.48996913580246915 0.8806584362139918 0.48919753086419754 0.9171810699588477 0.44328703703703703 0.9156378600823045
2 0.6875 0.8909465020576132 0.7283950617283951 0.8914609053497943 0.7280092592592593 0.9274691358024691 0.6867283950617284 0.926440329218107
2 0.8202160493827161 0.8950617283950617 0.8630401234567902 0.8960905349794238 0.8622685185185185 0.9326131687242798 0.8194444444444444 0.9315843621399177
2 0.9444444444444444 0.8960905349794238 0.9930555555555556 0.8950617283950617 0.9934413580246914 0.933641975308642 0.9448302469135802 0.934156378600823
