0 0.7245370370370371 0.7921810699588477 0.7866512345679012 0.7921810699588477 0.7866512345679012 0.8369341563786008 0.7245370370370371 0.8369341563786008
0 0.9004629629629629 0.7952674897119342 0.9594907407407407 0.7952674897119342 0.9594907407407407 0.8369341563786008 0.9004629629629629 0.8369341563786008
2 0.5277777777777778 0.7885802469135802 0.5825617283950617 0.7921810699588477 0.5814043209876543 0.8240740740740741 0.5266203703703703 0.8204732510288066
2 0.3402777777777778 0.7788065843621399 0.39197530864197533 0.7818930041152263 0.3908179012345679 0.8137860082304527 0.33912037037037035 0.8101851851851852
2 0.20640432098765432 0.7674897119341564 0.25887345679012347 0.7710905349794238 0.25733024691358025 0.809156378600823 0.2052469135802469 0.8055555555555556
2 0.050540123456790126 0.7638888888888888 0.10108024691358025 0.7674897119341564 0.09992283950617284 0.8024691358024691 0.04938271604938271 0.7988683127572016
2 0.2056327160493827 0.4346707818930041 0.251929012345679 0.43775720164609055 0.2507716049382716 0.4675925925925926 0.2044753086419753 0.46502057613168724
0 0.3966049382716049 0.42849794238683125 0.45447530864197533 0.43209876543209874 0.4529320987654321 0.4763374485596708 0.3950617283950617 0.4727366255144033
0 0.5879629629629629 0.4351851851851852 0.6477623456790124 0.43878600823045266 0.6462191358024691 0.485082304526749 0.5864197530864198 0.48148148148148145
0 0.777391975308642 0.44135802469135804 0.8375771604938271 0.44495884773662553 0.8360339506172839 0.49022633744855965 0.7758487654320988 0.48662551440329216
2 0.8761574074074074 0.22890946502057613 0.9344135802469136 0.2309670781893004 0.933641975308642 0.27109053497942387 0.8753858024691358 0.2690329218106996
2 0.6550925925925926 0.21810699588477367 0.7210648148148148 0.21965020576131689 0.7202932098765432 0.26337448559670784 0.654320987654321 0.2618312757201646
2 0.4066358024691358 0.2103909465020576 0.46103395061728397 0.21502057613168724 0.45949074074074076 0.25411522633744854 0.4047067901234568 0.25
2 0.2507716049382716 0.20936213991769548 0.3097993827160494 0.20936213991769548 0.3097993827160494 0.24948559670781892 0.2503858024691358 0.24948559670781892
2 0.08410493827160494 0.20833333333333334 0.1423611111111111 0.21141975308641975 0.1412037037037037 0.24742798353909465 0.08294753086419752 0.24434156378600824
1 0.0011574074074074073 0.4156378600823045 0.03780864197530864 0.4176954732510288 0.03665123456790124 0.45627572016460904 0.0 0.4542181069958848
