2 0.02854938271604938 0.15895061728395063 0.07407407407407407 0.1476337448559671 0.0798611111111111 0.18930041152263374 0.03433641975308642 0.2006172839506173
2 0.14660493827160495 0.1440329218106996 0.19020061728395063 0.1527777777777778 0.18557098765432098 0.19238683127572018 0.1419753086419753 0.1831275720164609
2 0.2515432098765432 0.147119341563786 0.29475308641975306 0.15432098765432098 0.2916666666666667 0.18930041152263374 0.24845679012345678 0.18209876543209877
2 0.3584104938271605 0.15534979423868311 0.39891975308641975 0.1610082304526749 0.3958333333333333 0.19650205761316872 0.3557098765432099 0.19084362139917696
2 0.5486111111111112 0.15534979423868311 0.6049382716049383 0.1610082304526749 0.6026234567901234 0.2006172839506173 0.5462962962962963 0.1949588477366255
2 0.691358024691358 0.1558641975308642 0.7496141975308642 0.15483539094650206 0.75 0.19547325102880658 0.6917438271604939 0.19650205761316872
2 0.8514660493827161 0.1440329218106996 0.9050925925925926 0.1419753086419753 0.9058641975308642 0.18055555555555555 0.8522376543209876 0.18261316872427982
2 0.09220679012345678 0.43364197530864196 0.14969135802469136 0.4315843621399177 0.15046296296296297 0.4758230452674897 0.09297839506172839 0.47788065843621397
2 0.27199074074074076 0.42232510288065844 0.3229166666666667 0.42386831275720166 0.32175925925925924 0.4711934156378601 0.27121913580246915 0.4696502057613169
2 0.4359567901234568 0.42335390946502055 0.4799382716049383 0.42746913580246915 0.47800925925925924 0.47170781893004116 0.43364197530864196 0.4675925925925926
2 0.5289351851851852 0.42746913580246915 0.5798611111111112 0.43209876543209874 0.5775462962962963 0.4758230452674897 0.5270061728395061 0.4711934156378601
0 0.6481481481481481 0.426440329218107 0.6952160493827161 0.42592592592592593 0.6956018518518519 0.4727366255144033 0.6485339506172839 0.4732510288065844
0 0.7912808641975309 0.42335390946502055 0.8433641975308642 0.4228395061728395 0.84375 0.4670781893004115 0.7916666666666666 0.4675925925925926
1 0.9591049382716049 0.41100823045267487 0.9992283950617284 0.4104938271604938 0.9996141975308642 0.45627572016460904 0.9594907407407407 0.4567901234567901
3 0.0 0.815843621399177 0.034722222222222224 0.8148148148148148 0.035493827160493825 0.8503086419753086 0.00038580246913580245 0.8513374485596708
2 0.0775462962962963 0.779320987654321 0.12770061728395063 0.7808641975308642 0.12692901234567902 0.8168724279835391 0.07677469135802469 0.8153292181069959
2 0.19984567901234568 0.8199588477366255 0.24074074074074073 0.8209876543209876 0.23996913580246915 0.8580246913580247 0.19945987654320987 0.8564814814814815
2 0.24189814814814814 0.7813786008230452 0.2908950617283951 0.7829218106995884 0.29012345679012347 0.8220164609053497 0.24151234567901234 0.8204732510288066
2 0.36689814814814814 0.7813786008230452 0.4131944444444444 0.7824074074074074 0.41242283950617287 0.8199588477366255 0.36651234567901236 0.8184156378600823
0 0.4722222222222222 0.7834362139917695 0.5208333333333334 0.7849794238683128 0.5200617283950617 0.823045267489712 0.47183641975308643 0.8215020576131687
0 0.5933641975308642 0.7870370370370371 0.6435185185185185 0.7870370370370371 0.6435185185185185 0.8220164609053497 0.5933641975308642 0.8220164609053497
0 0.7179783950617284 0.7813786008230452 0.7723765432098766 0.7829218106995884 0.7716049382716049 0.8184156378600823 0.7175925925925926 0.8168724279835391
0 0.8506944444444444 0.7782921810699589 0.9054783950617284 0.7772633744855967 0.9058641975308642 0.8117283950617284 0.8510802469135802 0.8122427983539094
