0 0.02970679012345679 0.09465020576131687 0.09027777777777778 0.09465020576131687 0.09027777777777778 0.12705761316872427 0.02970679012345679 0.12705761316872427
0 0.15470679012345678 0.10185185185185185 0.21064814814814814 0.10185185185185185 0.21064814814814814 0.13220164609053497 0.15470679012345678 0.13220164609053497
0 0.26350308641975306 0.10390946502057613 0.32021604938271603 0.10390946502057613 0.32021604938271603 0.1332304526748971 0.26350308641975306 0.1332304526748971
2 0.36921296296296297 0.10802469135802469 0.42901234567901236 0.10802469135802469 0.42901234567901236 0.1352880658436214 0.36921296296296297 0.1352880658436214
2 0.48302469135802467 0.10802469135802469 0.5447530864197531 0.10802469135802469 0.5447530864197531 0.14094650205761317 0.48302469135802467 0.14094650205761317
0 0.6168981481481481 0.10699588477366255 0.6793981481481481 0.10699588477366255 0.6793981481481481 0.1419753086419753 0.6168981481481481 0.1419753086419753
0 0.7565586419753086 0.10905349794238683 0.8240740740740741 0.10905349794238683 0.8240740740740741 0.1419753086419753 0.7565586419753086 0.1419753086419753
0 0.9116512345679012 0.11162551440329219 0.9760802469135802 0.11162551440329219 0.9760802469135802 0.14454732510288065 0.9116512345679012 0.14454732510288065
0 0.12191358024691358 0.3168724279835391 0.18132716049382716 0.3204732510288066 0.18016975308641975 0.35185185185185186 0.12075617283950617 0.3482510288065844
2 0.2503858024691358 0.31995884773662553 0.30941358024691357 0.32150205761316875 0.3090277777777778 0.3508230452674897 0.2503858024691358 0.3497942386831276
0 0.37114197530864196 0.3230452674897119 0.4212962962962963 0.32407407407407407 0.4209104938271605 0.3559670781893004 0.3707561728395062 0.3549382716049383
0 0.5655864197530864 0.3292181069958848 0.6350308641975309 0.330761316872428 0.6346450617283951 0.360082304526749 0.5652006172839507 0.3585390946502058
0 0.7276234567901234 0.33024691358024694 0.8016975308641975 0.3317901234567901 0.8013117283950617 0.367798353909465 0.7272376543209876 0.3662551440329218
0 0.904320987654321 0.3369341563786008 0.9710648148148148 0.338477366255144 0.970679012345679 0.37088477366255146 0.9039351851851852 0.3698559670781893
0 0.06597222222222222 0.7258230452674898 0.1246141975308642 0.7242798353909465 0.125 0.7551440329218106 0.06635802469135803 0.7561728395061729
0 0.19405864197530864 0.7299382716049383 0.25578703703703703 0.7289094650205762 0.25617283950617287 0.7597736625514403 0.19444444444444445 0.7608024691358025
0 0.3283179012345679 0.7309670781893004 0.3881172839506173 0.7330246913580247 0.3873456790123457 0.7608024691358025 0.3279320987654321 0.7587448559670782
0 0.466820987654321 0.7299382716049383 0.5297067901234568 0.7309670781893004 0.529320987654321 0.7602880658436214 0.4664351851851852 0.7592592592592593
2 0.6134259259259259 0.7325102880658436 0.6747685185185185 0.7335390946502057 0.6743827160493827 0.7633744855967078 0.6130401234567902 0.7623456790123457
0 0.7488425925925926 0.7366255144032922 0.808641975308642 0.7376543209876543 0.8082561728395061 0.7695473251028807 0.7484567901234568 0.7685185185185185
2 0.8850308641975309 0.7407407407407407 0.9386574074074074 0.7391975308641975 0.9390432098765432 0.7690329218106996 0.8854166666666666 0.7705761316872428
2 0.03819444444444445 0.9130658436213992 0.08834876543209877 0.9140946502057613 0.08796296296296297 0.9429012345679012 0.03780864197530864 0.941358024691358
2 0.13348765432098766 0.9120370370370371 0.18441358024691357 0.9130658436213992 0.1840277777777778 0.948045267489712 0.13310185185185186 0.9465020576131687
2 0.24768518518518517 0.9151234567901234 0.2986111111111111 0.9161522633744856 0.29822530864197533 0.9511316872427984 0.24729938271604937 0.9495884773662552
2 0.3541666666666667 0.9182098765432098 0.4077932098765432 0.9192386831275721 0.4074074074074074 0.9531893004115226 0.35378086419753085 0.9516460905349794
0 0.5335648148148148 0.9233539094650206 0.5906635802469136 0.9243827160493827 0.5902777777777778 0.9609053497942387 0.533179012345679 0.9593621399176955
2 0.8267746913580247 0.9310699588477366 0.8858024691358025 0.9320987654320988 0.8854166666666666 0.9614197530864198 0.8263888888888888 0.9598765432098766
2 0.6670524691358025 0.9295267489711934 0.7241512345679012 0.9310699588477366 0.7237654320987654 0.9578189300411523 0.6666666666666666 0.956275720164609
3 0.9853395061728395 0.9351851851851852 0.9996141975308642 0.9356995884773662 0.9984567901234568 0.9675925925925926 0.9841820987654321 0.9665637860082305
