2 0.09760802469135803 0.00977366255144033 0.13618827160493827 0.00977366255144033 0.13618827160493827 0.03189300411522634 0.09760802469135803 0.03189300411522634
2 0.21064814814814814 0.00874485596707819 0.24537037037037038 0.006172839506172839 0.24614197530864199 0.02880658436213992 0.21141975308641975 0.03137860082304527
2 0.32137345679012347 0.006172839506172839 0.3560956790123457 0.004629629629629629 0.35648148148148145 0.02726337448559671 0.32175925925925924 0.02880658436213992
3 0.5756172839506173 0.0 0.6064814814814815 0.0 0.6064814814814815 0.01440329218106996 0.5756172839506173 0.01440329218106996
3 0.7310956790123457 0.0 0.7631172839506173 0.0 0.7631172839506173 0.012345679012345678 0.7310956790123457 0.01286008230452675
3 0.8885030864197531 0.00102880658436214 0.9182098765432098 0.0 0.9182098765432098 0.00874485596707819 0.8885030864197531 0.00977366255144033
1 0.0 0.31738683127572015 0.02199074074074074 0.31738683127572015 0.02199074074074074 0.3477366255144033 0.0 0.3477366255144033
2 0.14737654320987653 0.3153292181069959 0.19212962962962962 0.31275720164609055 0.19290123456790123 0.3425925925925926 0.14814814814814814 0.34516460905349794
2 0.27121913580246915 0.3148148148148148 0.3167438271604938 0.3153292181069959 0.3167438271604938 0.345679012345679 0.27121913580246915 0.345679012345679
0 0.3765432098765432 0.31584362139917693 0.42399691358024694 0.31430041152263377 0.4243827160493827 0.34670781893004116 0.3773148148148148 0.3477366255144033
2 0.5173611111111112 0.31635802469135804 0.5621141975308642 0.3153292181069959 0.5628858024691358 0.3477366255144033 0.5181327160493827 0.3487654320987654
2 0.6342592592592593 0.31224279835390945 0.6805555555555556 0.30915637860082307 0.6817129629629629 0.34156378600823045 0.6354166666666666 0.3446502057613169
2 0.779320987654321 0.31378600823045266 0.8213734567901234 0.31275720164609055 0.8217592592592593 0.3425925925925926 0.7797067901234568 0.3436213991769547
0 0.09220679012345678 0.49434156378600824 0.13503086419753085 0.49382716049382713 0.13541666666666666 0.5277777777777778 0.09259259259259259 0.5277777777777778
0 0.24845679012345678 0.48919753086419754 0.2966820987654321 0.48919753086419754 0.2966820987654321 0.5252057613168725 0.2488425925925926 0.5252057613168725
0 0.3950617283950617 0.49434156378600824 0.44521604938271603 0.49228395061728397 0.44598765432098764 0.5252057613168725 0.3958333333333333 0.5272633744855967
0 0.5578703703703703 0.49176954732510286 0.6080246913580247 0.4897119341563786 0.6087962962962963 0.5241769547325102 0.558641975308642 0.5262345679012346
0 0.7025462962962963 0.49022633744855965 0.7523148148148148 0.48919753086419754 0.7527006172839507 0.5200617283950617 0.7029320987654321 0.5210905349794238
0 0.8506944444444444 0.4881687242798354 0.9000771604938271 0.4861111111111111 0.9008487654320988 0.522119341563786 0.8514660493827161 0.5241769547325102
1 0.9695216049382716 0.48199588477366256 0.9996141975308642 0.48199588477366256 0.9992283950617284 0.5174897119341564 0.9695216049382716 0.5174897119341564
0 0.10686728395061729 0.7026748971193416 0.15432098765432098 0.7021604938271605 0.15470679012345678 0.7361111111111112 0.10725308641975309 0.7361111111111112
0 0.3194444444444444 0.6949588477366255 0.36419753086419754 0.6990740740740741 0.3626543209876543 0.7319958847736625 0.31790123456790126 0.7283950617283951
0 0.4807098765432099 0.6944444444444444 0.5254629629629629 0.698045267489712 0.5239197530864198 0.7345679012345679 0.4791666666666667 0.7309670781893004
0 0.6338734567901234 0.6970164609053497 0.6813271604938271 0.6965020576131687 0.6813271604938271 0.7330246913580247 0.6338734567901234 0.7330246913580247
0 0.7789351851851852 0.6939300411522634 0.8221450617283951 0.6939300411522634 0.8221450617283951 0.7299382716049383 0.7789351851851852 0.7299382716049383
2 0.9270833333333334 0.6939300411522634 0.9772376543209876 0.6934156378600823 0.9772376543209876 0.7309670781893004 0.9270833333333334 0.7309670781893004
3 0.0 0.8904320987654321 0.013503086419753086 0.8904320987654321 0.013503086419753086 0.9207818930041153 0.0 0.9207818930041153
2 0.11188271604938271 0.8842592592592593 0.15123456790123457 0.8878600823045267 0.14969135802469136 0.9197530864197531 0.11033950617283951 0.9156378600823045
2 0.21257716049382716 0.8873456790123457 0.2527006172839506 0.8868312757201646 0.2527006172839506 0.9166666666666666 0.21296296296296297 0.9166666666666666
2 0.42322530864197533 0.8868312757201646 0.46257716049382713 0.8873456790123457 0.46219135802469136 0.9151234567901234 0.4228395061728395 0.9146090534979424
2 0.6886574074074074 0.8878600823045267 0.7326388888888888 0.8883744855967078 0.7322530864197531 0.9202674897119342 0.6882716049382716 0.9197530864197531
2 0.8881172839506173 0.8888888888888888 0.9317129629629629 0.88940329218107 0.9317129629629629 0.9207818930041153 0.8877314814814815 0.9202674897119342
