0 0.7584876543209876 0.30349794238683125 0.8121141975308642 0.29989711934156377 0.8132716049382716 0.33487654320987653 0.7596450617283951 0.338477366255144
0 0.3757716049382716 0.5715020576131687 0.42476851851851855 0.5704732510288066 0.42476851851851855 0.6059670781893004 0.3761574074074074 0.6069958847736625
0 0.2222222222222222 0.5725308641975309 0.27237654320987653 0.5740740740740741 0.2716049382716049 0.61059670781893 0.22145061728395063 0.6090534979423868
0 0.08796296296296297 0.5766460905349794 0.1412037037037037 0.5751028806584362 0.1415895061728395 0.6131687242798354 0.08873456790123457 0.6147119341563786
0 0.4837962962962963 0.31584362139917693 0.5343364197530864 0.31430041152263377 0.5347222222222222 0.3487654320987654 0.4841820987654321 0.35030864197530864
0 0.4861111111111111 0.565843621399177 0.5470679012345679 0.566358024691358 0.5470679012345679 0.6039094650205762 0.48572530864197533 0.6033950617283951
0 0.6728395061728395 0.565843621399177 0.7241512345679012 0.5653292181069959 0.7245370370370371 0.5987654320987654 0.6732253086419753 0.5992798353909465
0 0.8356481481481481 0.5601851851851852 0.8900462962962963 0.5601851851851852 0.8896604938271605 0.5941358024691358 0.8352623456790124 0.5941358024691358
2 0.9205246913580247 0.2880658436213992 0.9714506172839507 0.28858024691358025 0.9714506172839507 0.32664609053497945 0.9205246913580247 0.32664609053497945
0 0.3414351851851852 0.3204732510288066 0.3993055555555556 0.3184156378600823 0.40007716049382713 0.35288065843621397 0.341820987654321 0.3549382716049383
0 0.21064814814814814 0.3204732510288066 0.26350308641975306 0.32253086419753085 0.26273148148148145 0.35802469135802467 0.21026234567901234 0.3559670781893004
2 0.09645061728395062 0.3153292181069959 0.14544753086419754 0.3184156378600823 0.14429012345679013 0.35648148148148145 0.09490740740740741 0.3533950617283951
2 0.17631172839506173 0.026234567901234566 0.22260802469135801 0.025205761316872428 0.22337962962962962 0.05864197530864197 0.17669753086419754 0.059670781893004114
2 0.32175925925925924 0.026234567901234566 0.36342592592592593 0.023148148148148147 0.3645833333333333 0.051440329218107 0.32253086419753085 0.05452674897119342
2 0.44675925925925924 0.021604938271604937 0.4903549382716049 0.01954732510288066 0.49151234567901236 0.05092592592592592 0.44753086419753085 0.05298353909465021
2 0.6014660493827161 0.015432098765432098 0.6469907407407407 0.01286008230452675 0.6477623456790124 0.04526748971193416 0.6026234567901234 0.047839506172839504
2 0.7507716049382716 0.00874485596707819 0.7932098765432098 0.00411522633744856 0.7947530864197531 0.03343621399176955 0.7527006172839507 0.03806584362139918
2 0.777391975308642 0.8251028806584362 0.8221450617283951 0.8276748971193416 0.8213734567901234 0.8621399176954733 0.7766203703703703 0.8595679012345679
2 0.9066358024691358 0.8271604938271605 0.9564043209876543 0.8261316872427984 0.9567901234567902 0.8585390946502057 0.9070216049382716 0.8595679012345679
2 0.6516203703703703 0.8292181069958847 0.6983024691358025 0.8287037037037037 0.6983024691358025 0.8636831275720165 0.6516203703703703 0.8641975308641975
2 0.5200617283950617 0.831275720164609 0.5667438271604939 0.8307613168724279 0.5671296296296297 0.8626543209876543 0.5200617283950617 0.8636831275720165
2 0.38425925925925924 0.8333333333333334 0.435570987654321 0.8323045267489712 0.435570987654321 0.8652263374485597 0.38425925925925924 0.8662551440329218
2 0.24729938271604937 0.8364197530864198 0.29475308641975306 0.8353909465020576 0.29475308641975306 0.8688271604938271 0.24729938271604937 0.8698559670781894
2 0.10223765432098765 0.8415637860082305 0.1527777777777778 0.838477366255144 0.15393518518518517 0.8703703703703703 0.10300925925925926 0.8734567901234568
3 0.0 0.8415637860082305 0.01890432098765432 0.8415637860082305 0.01890432098765432 0.8801440329218106 0.0 0.8806584362139918
3 0.9830246913580247 0.5529835390946503 0.9988425925925926 0.5524691358024691 0.9996141975308642 0.5936213991769548 0.9834104938271605 0.5941358024691358
3 0.0 0.3194444444444444 0.020833333333333332 0.31893004115226337 0.021219135802469136 0.3513374485596708 0.00038580246913580245 0.3523662551440329
3 0.8611111111111112 0.0051440329218107 0.8985339506172839 0.0 0.9000771604938271 0.021604938271604937 0.8626543209876543 0.026748971193415638
