3 0.0 0.22067901234567902 0.037037037037037035 0.22067901234567902 0.037037037037037035 0.25205761316872427 0.0 0.25205761316872427
2 0.10686728395061729 0.2222222222222222 0.16435185185185186 0.22016460905349794 0.16512345679012347 0.25 0.10725308641975309 0.25205761316872427
2 0.5250771604938271 0.2613168724279835 0.5636574074074074 0.2613168724279835 0.5636574074074074 0.2890946502057613 0.5250771604938271 0.2890946502057613
2 0.6813271604938271 0.24691358024691357 0.7299382716049383 0.24794238683127573 0.7295524691358025 0.2813786008230453 0.6805555555555556 0.2803497942386831
2 0.8333333333333334 0.2412551440329218 0.8761574074074074 0.24074074074074073 0.8765432098765432 0.2752057613168724 0.8337191358024691 0.2757201646090535
3 0.9834104938271605 0.24537037037037038 0.9996141975308642 0.24537037037037038 0.9996141975308642 0.27983539094650206 0.9834104938271605 0.27983539094650206
2 0.41550925925925924 0.23251028806584362 0.44830246913580246 0.23353909465020575 0.4479166666666667 0.25977366255144035 0.41512345679012347 0.2587448559670782
2 0.10146604938271606 0.5318930041152263 0.1550925925925926 0.5318930041152263 0.1550925925925926 0.5725308641975309 0.10146604938271606 0.5725308641975309
2 0.2361111111111111 0.5277777777777778 0.28742283950617287 0.529320987654321 0.28665123456790126 0.5689300411522634 0.2357253086419753 0.5673868312757202
2 0.3595679012345679 0.536522633744856 0.41087962962962965 0.5380658436213992 0.4104938271604938 0.5725308641975309 0.3591820987654321 0.5709876543209876
2 0.49537037037037035 0.5390946502057613 0.5470679012345679 0.5406378600823045 0.5466820987654321 0.5751028806584362 0.49459876543209874 0.5740740740740741
2 0.6315586419753086 0.5370370370370371 0.6820987654320988 0.5385802469135802 0.6813271604938271 0.5766460905349794 0.6311728395061729 0.5751028806584362
2 0.7569444444444444 0.5385802469135802 0.8067129629629629 0.5401234567901234 0.8059413580246914 0.5756172839506173 0.7561728395061729 0.5740740740740741
2 0.875 0.5360082304526749 0.9255401234567902 0.5380658436213992 0.9247685185185185 0.573045267489712 0.8746141975308642 0.5715020576131687
2 0.03973765432098766 0.8400205761316872 0.09259259259259259 0.8446502057613169 0.09066358024691358 0.8842592592592593 0.03780864197530864 0.8791152263374485
2 0.22337962962962962 0.8446502057613169 0.2800925925925926 0.8461934156378601 0.279320987654321 0.8883744855967078 0.22299382716049382 0.8873456790123457
2 0.4089506172839506 0.8508230452674898 0.46334876543209874 0.8518518518518519 0.46296296296296297 0.8919753086419753 0.4085648148148148 0.8909465020576132
2 0.5613425925925926 0.845679012345679 0.6157407407407407 0.8467078189300411 0.6153549382716049 0.8868312757201646 0.5609567901234568 0.8858024691358025
2 0.7183641975308642 0.8503086419753086 0.7646604938271605 0.8513374485596708 0.7642746913580247 0.8868312757201646 0.7179783950617284 0.8852880658436214
2 0.845679012345679 0.8508230452674898 0.8935185185185185 0.8549382716049383 0.8915895061728395 0.8945473251028807 0.84375 0.8904320987654321
3 0.9915123456790124 0.852880658436214 0.9996141975308642 0.852880658436214 0.9996141975308642 0.8878600823045267 0.9915123456790124 0.8878600823045267
2 0.2839506172839506 0.2345679012345679 0.3125 0.23919753086419754 0.3101851851851852 0.2618312757201646 0.2820216049382716 0.257201646090535
