2 0.18479938271604937 0.14814814814814814 0.24228395061728394 0.14814814814814814 0.24228395061728394 0.17952674897119342 0.18479938271604937 0.17952674897119342
0 0.375 0.15020576131687244 0.43364197530864196 0.1522633744855967 0.43287037037037035 0.18261316872427982 0.3746141975308642 0.18055555555555555
2 0.5864197530864198 0.15329218106995884 0.6365740740740741 0.15483539094650206 0.6358024691358025 0.1882716049382716 0.5856481481481481 0.1867283950617284
2 0.7627314814814815 0.15689300411522633 0.8059413580246914 0.15843621399176955 0.8051697530864198 0.19032921810699588 0.7619598765432098 0.18878600823045266
2 0.908179012345679 0.16152263374485595 0.9548611111111112 0.1610082304526749 0.9548611111111112 0.19084362139917696 0.908179012345679 0.19135802469135801
2 0.05401234567901234 0.3986625514403292 0.09837962962962964 0.3991769547325103 0.09799382716049383 0.4305555555555556 0.053626543209876545 0.4295267489711934
2 0.29050925925925924 0.40329218106995884 0.33487654320987653 0.3986625514403292 0.3368055555555556 0.4305555555555556 0.2924382716049383 0.4351851851851852
2 0.45100308641975306 0.4053497942386831 0.49537037037037035 0.404320987654321 0.4957561728395062 0.4367283950617284 0.4513888888888889 0.43775720164609055
2 0.6882716049382716 0.3801440329218107 0.7326388888888888 0.38117283950617287 0.7322530864197531 0.41358024691358025 0.6878858024691358 0.4125514403292181
2 0.9212962962962963 0.39300411522633744 0.9772376543209876 0.39609053497942387 0.9760802469135802 0.42849794238683125 0.9201388888888888 0.42489711934156377
2 0.08912037037037036 0.617798353909465 0.1381172839506173 0.6162551440329218 0.1385030864197531 0.6424897119341564 0.08950617283950617 0.6440329218106996
2 0.25848765432098764 0.6198559670781894 0.30864197530864196 0.6183127572016461 0.3090277777777778 0.6466049382716049 0.25887345679012347 0.6481481481481481
2 0.44598765432098764 0.6234567901234568 0.4791666666666667 0.6260288065843621 0.4783950617283951 0.6517489711934157 0.44483024691358025 0.6496913580246914
2 0.6134259259259259 0.6286008230452675 0.6577932098765432 0.6286008230452675 0.6577932098765432 0.6574074074074074 0.6134259259259259 0.6574074074074074
2 0.7727623456790124 0.6342592592592593 0.816358024691358 0.6337448559670782 0.816358024691358 0.6635802469135802 0.7731481481481481 0.6635802469135802
2 0.06365740740740741 0.8693415637860082 0.10455246913580248 0.8693415637860082 0.10493827160493827 0.9002057613168725 0.06365740740740741 0.9007201646090535
2 0.22029320987654322 0.8765432098765432 0.25887345679012347 0.8765432098765432 0.25887345679012347 0.9038065843621399 0.22029320987654322 0.9038065843621399
2 0.3722993827160494 0.8765432098765432 0.4085648148148148 0.8765432098765432 0.4085648148148148 0.9017489711934157 0.3722993827160494 0.9017489711934157
2 0.48649691358024694 0.8796296296296297 0.5231481481481481 0.8796296296296297 0.5231481481481481 0.9074074074074074 0.48649691358024694 0.9074074074074074
2 0.7253086419753086 0.8827160493827161 0.7669753086419753 0.8858024691358025 0.7662037037037037 0.9130658436213992 0.7241512345679012 0.9099794238683128
2 0.9525462962962963 0.8914609053497943 0.9918981481481481 0.8914609053497943 0.9918981481481481 0.9207818930041153 0.9525462962962963 0.9207818930041153
