2 0.0466820987654321 0.08436213991769548 0.08757716049382716 0.08333333333333333 0.08834876543209877 0.11162551440329219 0.0470679012345679 0.11265432098765432
2 0.20833333333333334 0.0889917695473251 0.24344135802469136 0.09259259259259259 0.24189814814814814 0.11676954732510288 0.20679012345679013 0.11316872427983539
2 0.39737654320987653 0.08281893004115226 0.42399691358024694 0.0823045267489712 0.42399691358024694 0.10596707818930041 0.39737654320987653 0.10596707818930041
2 0.5709876543209876 0.09104938271604938 0.6049382716049383 0.09053497942386832 0.6053240740740741 0.11574074074074074 0.5713734567901234 0.11625514403292181
2 0.7469135802469136 0.08076131687242798 0.777391975308642 0.08076131687242798 0.777391975308642 0.11008230452674897 0.7469135802469136 0.11008230452674897
2 0.9386574074074074 0.0874485596707819 0.9741512345679012 0.08693415637860083 0.9741512345679012 0.1147119341563786 0.9390432098765432 0.11522633744855967
2 0.09297839506172839 0.2993827160493827 0.13464506172839505 0.30092592592592593 0.13387345679012347 0.3271604938271605 0.09220679012345678 0.3256172839506173
2 0.2183641975308642 0.30246913580246915 0.2511574074074074 0.30349794238683125 0.2503858024691358 0.3297325102880658 0.2179783950617284 0.3281893004115226
2 0.3236882716049383 0.30606995884773663 0.3626543209876543 0.3081275720164609 0.3618827160493827 0.33539094650205764 0.3229166666666667 0.3338477366255144
2 0.4425154320987654 0.31430041152263377 0.47878086419753085 0.31378600823045266 0.47878086419753085 0.3395061728395062 0.44290123456790126 0.34002057613168724
2 0.5675154320987654 0.31790123456790126 0.6118827160493827 0.31584362139917693 0.6122685185185185 0.3405349794238683 0.5679012345679012 0.3420781893004115
2 0.7013888888888888 0.3168724279835391 0.7245370370370371 0.31584362139917693 0.7249228395061729 0.3436213991769547 0.7017746913580247 0.3446502057613169
2 0.7820216049382716 0.3194444444444444 0.8263888888888888 0.32098765432098764 0.8256172839506173 0.3487654320987654 0.7816358024691358 0.3472222222222222
3 0.9822530864197531 0.33281893004115226 0.9984567901234568 0.3317901234567901 0.9996141975308642 0.35648148148148145 0.9830246913580247 0.3575102880658436
2 0.05169753086419753 0.5046296296296297 0.09799382716049383 0.5015432098765432 0.09876543209876543 0.5354938271604939 0.05246913580246913 0.5380658436213992
2 0.19251543209876543 0.5108024691358025 0.2368827160493827 0.5113168724279835 0.2364969135802469 0.5401234567901234 0.19212962962962962 0.5396090534979424
2 0.3159722222222222 0.51440329218107 0.3611111111111111 0.5200617283950617 0.3591820987654321 0.5473251028806584 0.3140432098765432 0.5411522633744856
2 0.44290123456790126 0.5174897119341564 0.48726851851851855 0.5205761316872428 0.48572530864197533 0.5545267489711934 0.4417438271604938 0.551440329218107
2 0.5493827160493827 0.529320987654321 0.5891203703703703 0.5241769547325102 0.5910493827160493 0.551954732510288 0.5513117283950617 0.5570987654320988
2 0.6493055555555556 0.529320987654321 0.6929012345679012 0.5288065843621399 0.6932870370370371 0.5606995884773662 0.6496913580246914 0.5612139917695473
2 0.7546296296296297 0.5313786008230452 0.8016975308641975 0.5324074074074074 0.8013117283950617 0.565843621399177 0.7542438271604939 0.5648148148148148
2 0.8607253086419753 0.5349794238683128 0.908179012345679 0.5334362139917695 0.9085648148148148 0.566358024691358 0.8614969135802469 0.5679012345679012
2 0.05864197530864197 0.727880658436214 0.10069444444444445 0.7237654320987654 0.10223765432098765 0.7561728395061729 0.06018518518518518 0.7597736625514403
2 0.16743827160493827 0.7222222222222222 0.20949074074074073 0.7217078189300411 0.20949074074074073 0.7541152263374485 0.16743827160493827 0.7546296296296297
2 0.2797067901234568 0.7242798353909465 0.3236882716049383 0.727880658436214 0.32253086419753085 0.757201646090535 0.2785493827160494 0.7536008230452675
2 0.38155864197530864 0.7309670781893004 0.4201388888888889 0.7325102880658436 0.4193672839506173 0.7623456790123457 0.38078703703703703 0.7613168724279835
2 0.4965277777777778 0.7361111111111112 0.5381944444444444 0.7376543209876543 0.5374228395061729 0.7685185185185185 0.4957561728395062 0.7669753086419753
2 0.6215277777777778 0.7422839506172839 0.6643518518518519 0.7438271604938271 0.6635802469135802 0.772633744855967 0.6207561728395061 0.7710905349794238
2 0.7878086419753086 0.7453703703703703 0.8302469135802469 0.7469135802469136 0.8294753086419753 0.7767489711934157 0.7870370370370371 0.7752057613168725
3 0.9756944444444444 0.7510288065843621 0.9996141975308642 0.7520576131687243 0.9988425925925926 0.779835390946502 0.9753086419753086 0.779320987654321
2 0.07716049382716049 0.8446502057613169 0.11959876543209877 0.8420781893004116 0.12037037037037036 0.8724279835390947 0.0779320987654321 0.8744855967078189
2 0.1716820987654321 0.8914609053497943 0.21296296296296297 0.8899176954732511 0.21334876543209877 0.9176954732510288 0.1724537037037037 0.9192386831275721
2 0.3159722222222222 0.8904320987654321 0.3599537037037037 0.8909465020576132 0.3595679012345679 0.9259259259259259 0.3159722222222222 0.9254115226337448
0 0.4471450617283951 0.8883744855967078 0.49421296296296297 0.8868312757201646 0.49459876543209874 0.9254115226337448 0.4479166666666667 0.926954732510288
2 0.5999228395061729 0.8930041152263375 0.6500771604938271 0.8924897119341564 0.6500771604938271 0.9290123456790124 0.5999228395061729 0.9295267489711934
0 0.7249228395061729 0.8966049382716049 0.7700617283950617 0.8996913580246914 0.7689043209876543 0.9320987654320988 0.7237654320987654 0.9290123456790124
2 0.8780864197530864 0.8996913580246914 0.9205246913580247 0.8981481481481481 0.9212962962962963 0.9290123456790124 0.8784722222222222 0.9305555555555556
3 0.0 0.8467078189300411 0.013888888888888888 0.8461934156378601 0.014660493827160493 0.8713991769547325 0.0007716049382716049 0.8719135802469136
