1 0.0 0.26594650205761317 0.04552469135802469 0.26594650205761317 0.04552469135802469 0.2993827160493827 0.0 0.2993827160493827
0 0.11805555555555555 0.2613168724279835 0.1705246913580247 0.26697530864197533 0.16820987654320987 0.3045267489711934 0.11612654320987655 0.2993827160493827
0 0.22800925925925927 0.2602880658436214 0.2820216049382716 0.26594650205761317 0.2800925925925926 0.301440329218107 0.22608024691358025 0.2957818930041152
0 0.37885802469135804 0.25565843621399176 0.4324845679012346 0.25617283950617287 0.43209876543209874 0.29218106995884774 0.3784722222222222 0.2911522633744856
0 0.5497685185185185 0.2602880658436214 0.6033950617283951 0.26080246913580246 0.6030092592592593 0.3004115226337449 0.5493827160493827 0.2993827160493827
0 0.716820987654321 0.24948559670781892 0.7731481481481481 0.25 0.7727623456790124 0.2890946502057613 0.7164351851851852 0.2880658436213992
0 0.8977623456790124 0.24331275720164608 0.9521604938271605 0.24382716049382716 0.9521604938271605 0.28189300411522633 0.8973765432098766 0.2813786008230453
1 0.0 0.5252057613168725 0.03819444444444445 0.5252057613168725 0.03819444444444445 0.5627572016460906 0.0 0.5627572016460906
0 0.0763888888888889 0.49228395061728397 0.1257716049382716 0.49228395061728397 0.1257716049382716 0.5303497942386831 0.0763888888888889 0.5303497942386831
0 0.17746913580246915 0.5277777777777778 0.22723765432098766 0.529320987654321 0.22646604938271606 0.5673868312757202 0.17708333333333334 0.565843621399177
0 0.2692901234567901 0.49537037037037035 0.31905864197530864 0.49691358024691357 0.31828703703703703 0.5349794238683128 0.2689043209876543 0.5334362139917695
0 0.35030864197530864 0.5277777777777778 0.40007716049382713 0.5318930041152263 0.39814814814814814 0.5699588477366255 0.34837962962962965 0.5653292181069959
0 0.4664351851851852 0.5303497942386831 0.5185185185185185 0.5334362139917695 0.5169753086419753 0.5679012345679012 0.4652777777777778 0.5648148148148148
0 0.6053240740740741 0.5324074074074074 0.6589506172839507 0.5339506172839507 0.6585648148148148 0.5689300411522634 0.6049382716049383 0.5673868312757202
0 0.7465277777777778 0.5318930041152263 0.7993827160493827 0.5303497942386831 0.7997685185185185 0.5699588477366255 0.7472993827160493 0.5715020576131687
0 0.8962191358024691 0.5241769547325102 0.9490740740740741 0.522633744855967 0.9494598765432098 0.5622427983539094 0.8969907407407407 0.5637860082304527
2 0.04436728395061729 0.831275720164609 0.08950617283950617 0.8287037037037037 0.09104938271604938 0.8626543209876543 0.04552469135802469 0.8657407407407407
2 0.19753086419753085 0.8240740740740741 0.2523148148148148 0.8240740740740741 0.2523148148148148 0.8636831275720165 0.19753086419753085 0.8636831275720165
2 0.3645833333333333 0.8271604938271605 0.41512345679012347 0.8287037037037037 0.41435185185185186 0.8698559670781894 0.36419753086419754 0.8683127572016461
2 0.5200617283950617 0.8302469135802469 0.5652006172839507 0.8317901234567902 0.5648148148148148 0.8713991769547325 0.5196759259259259 0.8698559670781894
2 0.6624228395061729 0.8281893004115226 0.7114197530864198 0.8297325102880658 0.7106481481481481 0.8693415637860082 0.6620370370370371 0.867798353909465
2 0.8190586419753086 0.8261316872427984 0.8746141975308642 0.8281893004115226 0.8738425925925926 0.8657407407407407 0.8186728395061729 0.8636831275720165
3 0.9594907407407407 0.816358024691358 0.9996141975308642 0.8179012345679012 0.9988425925925926 0.86059670781893 0.9587191358024691 0.8590534979423868
