2 0.10146604938271606 0.29372427983539096 0.14737654320987653 0.294238683127572 0.14737654320987653 0.3245884773662551 0.10108024691358025 0.32407407407407407
2 0.2916666666666667 0.2890946502057613 0.3314043209876543 0.28960905349794236 0.33101851851851855 0.3194444444444444 0.29128086419753085 0.31893004115226337
2 0.4683641975308642 0.2890946502057613 0.5092592592592593 0.28960905349794236 0.5088734567901234 0.32150205761316875 0.4679783950617284 0.32098765432098764
2 0.6319444444444444 0.2916666666666667 0.6778549382716049 0.29218106995884774 0.6774691358024691 0.3245884773662551 0.6315586419753086 0.32407407407407407
2 0.8240740740740741 0.28703703703703703 0.8742283950617284 0.2890946502057613 0.8734567901234568 0.3230452674897119 0.8236882716049383 0.32098765432098764
2 0.04398148148148148 0.5390946502057613 0.09490740740740741 0.5396090534979424 0.09452160493827161 0.5776748971193416 0.04359567901234568 0.5766460905349794
2 0.1840277777777778 0.5360082304526749 0.23148148148148148 0.5375514403292181 0.23070987654320987 0.5766460905349794 0.18325617283950618 0.5751028806584362
2 0.30324074074074076 0.5411522633744856 0.34953703703703703 0.5390946502057613 0.35030864197530864 0.5756172839506173 0.30401234567901236 0.5776748971193416
2 0.5300925925925926 0.5370370370370371 0.5779320987654321 0.5385802469135802 0.5771604938271605 0.5766460905349794 0.529320987654321 0.5751028806584362
2 0.6847993827160493 0.5390946502057613 0.7372685185185185 0.5421810699588477 0.7361111111111112 0.581275720164609 0.683641975308642 0.5787037037037037
2 0.8425925925925926 0.5432098765432098 0.8981481481481481 0.5442386831275721 0.8977623456790124 0.5848765432098766 0.841820987654321 0.5838477366255144
3 0.9853395061728395 0.5416666666666666 0.9996141975308642 0.5421810699588477 0.9988425925925926 0.5817901234567902 0.9849537037037037 0.5817901234567902
2 0.059799382716049385 0.8153292181069959 0.11226851851851852 0.816358024691358 0.11188271604938271 0.852366255144033 0.05941358024691358 0.8513374485596708
2 0.2199074074074074 0.8143004115226338 0.2743055555555556 0.8220164609053497 0.2716049382716049 0.8569958847736625 0.21720679012345678 0.8492798353909465
2 0.38271604938271603 0.8220164609053497 0.43441358024691357 0.8251028806584362 0.4332561728395062 0.8600823045267489 0.38155864197530864 0.8569958847736625
2 0.533179012345679 0.8256172839506173 0.5925925925925926 0.8292181069958847 0.5914351851851852 0.8641975308641975 0.5320216049382716 0.86059670781893
2 0.683641975308642 0.8271604938271605 0.7345679012345679 0.8281893004115226 0.7341820987654321 0.8662551440329218 0.683641975308642 0.8652263374485597
2 0.8078703703703703 0.8240740740740741 0.8595679012345679 0.8251028806584362 0.8591820987654321 0.8652263374485597 0.8078703703703703 0.8641975308641975
