0 0.11458333333333333 0.2674897119341564 0.16859567901234568 0.26594650205761317 0.16898148148148148 0.3019547325102881 0.11535493827160494 0.30349794238683125
0 0.25578703703703703 0.2613168724279835 0.30787037037037035 0.2613168724279835 0.30787037037037035 0.2968106995884774 0.25578703703703703 0.2968106995884774
0 0.3896604938271605 0.257201646090535 0.4378858024691358 0.257201646090535 0.4378858024691358 0.29475308641975306 0.3896604938271605 0.29475308641975306
0 0.5104166666666666 0.2587448559670782 0.5563271604938271 0.2587448559670782 0.5563271604938271 0.2968106995884774 0.5104166666666666 0.2968106995884774
2 0.7060185185185185 0.2551440329218107 0.7596450617283951 0.2551440329218107 0.7596450617283951 0.28960905349794236 0.7060185185185185 0.28960905349794236
2 0.8541666666666666 0.25411522633744854 0.9035493827160493 0.25411522633744854 0.9035493827160493 0.2890946502057613 0.8541666666666666 0.2890946502057613
2 0.9143518518518519 0.6923868312757202 0.9583333333333334 0.6923868312757202 0.9583333333333334 0.7335390946502057 0.9143518518518519 0.7335390946502057
2 0.7627314814814815 0.6954732510288066 0.814429012345679 0.6954732510288066 0.814429012345679 0.7283950617283951 0.7627314814814815 0.7283950617283951
0 0.6087962962962963 0.6954732510288066 0.6547067901234568 0.6954732510288066 0.6547067901234568 0.7309670781893004 0.6087962962962963 0.7309670781893004
0 0.4695216049382716 0.6965020576131687 0.5177469135802469 0.6965020576131687 0.5177469135802469 0.7325102880658436 0.4695216049382716 0.7325102880658436
0 0.3279320987654321 0.6975308641975309 0.3800154320987654 0.6975308641975309 0.3800154320987654 0.7325102880658436 0.3279320987654321 0.7325102880658436
0 0.16473765432098766 0.7006172839506173 0.21604938271604937 0.7031893004115226 0.21489197530864199 0.7366255144032922 0.16396604938271606 0.7345679012345679
0 0.14699074074074073 0.9099794238683128 0.2010030864197531 0.911522633744856 0.20023148148148148 0.9459876543209876 0.14660493827160495 0.9444444444444444
2 0.33294753086419754 0.9089506172839507 0.38155864197530864 0.9089506172839507 0.38155864197530864 0.940843621399177 0.33294753086419754 0.940843621399177
2 0.48842592592592593 0.9094650205761317 0.5374228395061729 0.904320987654321 0.5393518518518519 0.9372427983539094 0.49074074074074076 0.9429012345679012
2 0.6331018518518519 0.8981481481481481 0.6732253086419753 0.8996913580246914 0.6724537037037037 0.9367283950617284 0.6323302469135802 0.9351851851851852
2 0.7731481481481481 0.904835390946502 0.8275462962962963 0.9068930041152263 0.8267746913580247 0.940843621399177 0.7723765432098766 0.9387860082304527
2 0.9320987654320988 0.9032921810699589 0.9787808641975309 0.9027777777777778 0.9791666666666666 0.9439300411522634 0.9324845679012346 0.9444444444444444
0 0.5227623456790124 0.00720164609053498 0.5725308641975309 0.00720164609053498 0.5725308641975309 0.04526748971193416 0.5227623456790124 0.04526748971193416
0 0.6797839506172839 0.006172839506172839 0.7349537037037037 0.006172839506172839 0.7349537037037037 0.038580246913580245 0.6797839506172839 0.038580246913580245
0 0.8510802469135802 0.00051440329218107 0.8985339506172839 0.00051440329218107 0.8985339506172839 0.03755144032921811 0.8510802469135802 0.03755144032921811
0 0.3900462962962963 0.014917695473251029 0.4378858024691358 0.012345679012345678 0.4390432098765432 0.04526748971193416 0.3908179012345679 0.047839506172839504
0 0.24498456790123457 0.01748971193415638 0.3005401234567901 0.01748971193415638 0.3005401234567901 0.04989711934156379 0.24537037037037038 0.050411522633744855
0 0.04976851851851852 0.030864197530864196 0.10609567901234568 0.025205761316872428 0.1076388888888889 0.05452674897119342 0.05169753086419753 0.060699588477366256
1 0.0 0.2736625514403292 0.02662037037037037 0.2726337448559671 0.027391975308641976 0.30761316872427985 0.00038580246913580245 0.30864197530864196
1 0.0 0.706275720164609 0.03973765432098766 0.7052469135802469 0.040123456790123455 0.7407407407407407 0.00038580246913580245 0.7417695473251029
1 0.0 0.9151234567901234 0.027391975308641976 0.9140946502057613 0.027777777777777776 0.9423868312757202 0.00038580246913580245 0.9434156378600823
3 0.9830246913580247 0.00720164609053498 0.9996141975308642 0.00720164609053498 0.9996141975308642 0.032407407407407406 0.9830246913580247 0.032407407407407406
