2 0.09837962962962964 0.1419753086419753 0.14853395061728394 0.14248971193415638 0.14853395061728394 0.17644032921810698 0.09799382716049383 0.17592592592592593
2 0.26273148148148145 0.14660493827160495 0.3136574074074074 0.14866255144032922 0.3128858024691358 0.18106995884773663 0.2623456790123457 0.17952674897119342
2 0.42939814814814814 0.1455761316872428 0.47955246913580246 0.14660493827160495 0.4791666666666667 0.1800411522633745 0.42901234567901236 0.17901234567901234
2 0.6238425925925926 0.14969135802469136 0.6732253086419753 0.1476337448559671 0.6739969135802469 0.18106995884773663 0.6246141975308642 0.18261316872427982
2 0.7596450617283951 0.1527777777777778 0.8132716049382716 0.1507201646090535 0.8136574074074074 0.18518518518518517 0.7604166666666666 0.18724279835390947
2 0.9089506172839507 0.15123456790123457 0.9552469135802469 0.14609053497942387 0.9575617283950617 0.1815843621399177 0.9108796296296297 0.18724279835390947
0 0.030478395061728395 0.323559670781893 0.08487654320987655 0.32407407407407407 0.08487654320987655 0.3636831275720165 0.03009259259259259 0.3636831275720165
0 0.14660493827160495 0.33024691358024694 0.2013888888888889 0.330761316872428 0.2010030864197531 0.36728395061728397 0.14621913580246915 0.36728395061728397
2 0.25925925925925924 0.330761316872428 0.3140432098765432 0.3292181069958848 0.3148148148148148 0.36574074074074076 0.2596450617283951 0.36728395061728397
0 0.39814814814814814 0.3317901234567901 0.45177469135802467 0.3323045267489712 0.45177469135802467 0.3647119341563786 0.39776234567901236 0.36419753086419754
2 0.5370370370370371 0.3271604938271605 0.5856481481481481 0.3256172839506173 0.5860339506172839 0.3611111111111111 0.5378086419753086 0.3626543209876543
0 0.6439043209876543 0.323559670781893 0.6917438271604939 0.3245884773662551 0.6909722222222222 0.3636831275720165 0.6435185185185185 0.3626543209876543
0 0.7584876543209876 0.33024691358024694 0.8036265432098766 0.33127572016460904 0.8028549382716049 0.3698559670781893 0.7581018518518519 0.36882716049382713
0 0.8653549382716049 0.3297325102880658 0.9089506172839507 0.33127572016460904 0.9077932098765432 0.37088477366255146 0.8645833333333334 0.36934156378600824
0 0.06365740740740741 0.5565843621399177 0.11959876543209877 0.558641975308642 0.11844135802469136 0.5982510288065843 0.0628858024691358 0.5961934156378601
0 0.1871141975308642 0.5596707818930041 0.24266975308641975 0.5596707818930041 0.24266975308641975 0.6003086419753086 0.1875 0.6008230452674898
0 0.3097993827160494 0.5648148148148148 0.36728395061728397 0.5643004115226338 0.36728395061728397 0.6013374485596708 0.3101851851851852 0.6018518518518519
0 0.4564043209876543 0.5632716049382716 0.5162037037037037 0.5606995884773662 0.5169753086419753 0.5941358024691358 0.4575617283950617 0.5967078189300411
0 0.6045524691358025 0.5601851851851852 0.6612654320987654 0.5612139917695473 0.6608796296296297 0.5972222222222222 0.6041666666666666 0.5961934156378601
0 0.7241512345679012 0.5653292181069959 0.7781635802469136 0.5601851851851852 0.7800925925925926 0.5972222222222222 0.7256944444444444 0.6018518518518519
0 0.8267746913580247 0.5601851851851852 0.8746141975308642 0.5570987654320988 0.8761574074074074 0.595164609053498 0.8279320987654321 0.5982510288065843
2 0.09529320987654322 0.8497942386831275 0.14699074074074073 0.8518518518518519 0.14621913580246915 0.8842592592592593 0.09452160493827161 0.8827160493827161
0 0.20679012345679013 0.8472222222222222 0.2623456790123457 0.8492798353909465 0.26157407407407407 0.8852880658436214 0.20601851851851852 0.8832304526748971
0 0.36728395061728397 0.8482510288065843 0.42901234567901236 0.8497942386831275 0.42824074074074076 0.8868312757201646 0.36689814814814814 0.8858024691358025
0 0.503858024691358 0.852880658436214 0.5613425925925926 0.8544238683127572 0.560570987654321 0.8868312757201646 0.5034722222222222 0.8858024691358025
0 0.6319444444444444 0.8554526748971193 0.6867283950617284 0.8554526748971193 0.6867283950617284 0.8888888888888888 0.6323302469135802 0.88940329218107
0 0.7503858024691358 0.852366255144033 0.8082561728395061 0.8544238683127572 0.8074845679012346 0.8940329218106996 0.7496141975308642 0.8919753086419753
0 0.8576388888888888 0.852880658436214 0.9131944444444444 0.8544238683127572 0.9124228395061729 0.8930041152263375 0.8572530864197531 0.8919753086419753
1 0.9629629629629629 0.8508230452674898 0.9996141975308642 0.8518518518518519 0.9988425925925926 0.8914609053497943 0.9621913580246914 0.8899176954732511
3 0.9857253086419753 0.3297325102880658 0.9996141975308642 0.33024691358024694 0.9988425925925926 0.3698559670781893 0.9849537037037037 0.3698559670781893
3 0.00038580246913580245 0.8518518518518519 0.027777777777777776 0.852366255144033 0.027391975308641976 0.8863168724279835 0.0 0.8858024691358025
